-0.25666666666666665	-0.000736080917777493
-0.24	-0.0010227351125992046
-0.22333333333333333	-0.011288581687872112
-0.20666666666666667	-0.001533812508183241
-0.19	-0.0017586200752833792
-0.17333333333333334	-0.0019631975077878394
-0.15666666666666668	0.007852261479123601
-0.14	0.01768756259396448
-0.12333333333333334	0.027542510989192304
-0.10666666666666667	0.027416911281420264
-0.09	0.057310567571620064
-0.07333333333333333	0.03722328346527548
-0.056666666666666664	0.047154862092527616
-0.04	0.03710510612826984
-0.023333333333333334	0.027073817812228507
-0.006666666666666667	0.017060798968983548
0.01	0.01706585102798658
0.02666666666666667	0.007088775043510687
0.043333333333333335	0.007129371714575727
0.06	-0.0028125585951706
0.07666666666666666	-0.00273721583760822
0.09333333333333334	-0.012644800260361577
0.11	0.00746448761295937
0.12666666666666668	0.0075904470024580895
0.14333333333333334	-0.012267123108398281
0.16	0.007891576046824555
0.17666666666666667	-0.01193365696292159
0.19333333333333333	0.008256976253330106
0.21	-0.02153672607200202
0.22666666666666666	-0.0013149658456545477
0.24333333333333335	-0.00107794509419884
0.26	-0.010825865944772028
0.27666666666666667	-0.010558930605870043
0.29333333333333333	0.009722658651797
0.31	0.010018699514380447
0.32666666666666666	-0.009671010356081977
0.3433333333333333	0.010653326697265542
0.36	0.0009915083449882345
0.37666666666666665	-0.008656667709832921
0.3933333333333333	-0.008291403712865464
0.41	-0.027912901839857673
0.4266666666666667	-0.027521364178047292
0.44333333333333336	-0.017116992707644108
0.46	-0.046699989283393195
0.4766666666666667	-0.026270555616213276
0.49333333333333335	-0.01582889325491149
0.51	-0.005375203567984155
0.5266666666666666	-0.024909687725501006
0.5433333333333333	-0.004432546681064853
0.56	-0.003943981153864462
0.5766666666666667	-0.0034441916108093884
0.5933333333333334	-0.0029333782487492854
0.61	0.017588259023205044
0.6266666666666667	0.008120520601292203
0.6433333333333333	0.01866320720459802
0.66	0.019216119892474126
0.6766666666666666	0.019779060081856703
0.6933333333333334	0.00035182956449880676
0.71	0.01093423052408693
0.7266666666666667	0.011526065553289222
0.7433333333333333	-0.007872862329321051
0.76	-0.01726274966242769
0.7766666666666666	-0.03664379252523864
0.7933333333333333	-0.04601618652085743
0.81	-0.05538012675974885
0.8266666666666667	-0.044735807843321374
0.8433333333333334	-0.05408342384760939
0.86	-0.04342316830705484
0.8766666666666667	-0.04275523419841071
0.8933333333333333	-0.022079813924737957
0.91	-0.011397099299531088
0.9266666666666666	-0.0107072815309327
0.9433333333333334	-0.010010551206078688
0.96	0.0006929017244587943
0.9766666666666667	0.01140288796209843
0.9933333333333333	0.022119218875576607
1.01	0.03284170651614904
1.0266666666666666	0.01357016363267971
1.0433333333333332	0.024304403686612464
1.06	0.025044240866817447
1.0766666666666667	0.005789490104323447
1.0933333333333333	-0.003460032913066846
1.11	-0.0027045117262991525
1.1266666666666667	-0.011944129090685651
1.1433333333333333	-0.011179066961684359
1.16	-0.010409506480757058
1.1766666666666667	-0.009635627961392057
1.1933333333333334	-0.028857610875239803
1.21	-0.018075633838360694
1.2266666666666666	-0.017289874597618493
1.2433333333333334	0.0034994899827974213
1.26	0.004292283934733909
1.2766666666666666	0.015088332199290677
1.2933333333333332	0.005887460639920794
1.31	0.016689496055389164
1.3266666666666667	-0.002505733807404098
1.3433333333333333	-0.001698400240721265
1.36	-0.010888673563427265
1.3766666666666667	-0.020076723108564842
1.3933333333333333	-0.009262717211059812
1.41	-0.008446823195568331
1.4266666666666667	-0.01762920736445378
1.4433333333333334	-0.006810034985907154
1.46	0.004010529717792977
1.4766666666666666	-0.025167676418107465
1.4933333333333334	-0.01434481548937272
1.51	-0.013521048511456801
1.5266666666666666	-0.022696535408310736
1.5433333333333332	-0.02187143500134009
1.56	-0.011045904998503775
1.5766666666666667	-0.020220101983545347
1.5933333333333333	-0.01939418140537974
1.61	-0.008568297567615901
1.6266666666666667	-0.01774260361822011
1.6433333333333333	-0.006917251539338032
1.66	-0.006092392137236613
1.6766666666666667	nan
1.6933333333333334	0.015555251350158616
1.71	0.00637773979064149
1.7266666666666666	0.01719914428378777
1.7433333333333334	0.028019320048263185
1.76	0.00883812353581337
1.7766666666666666	0.019655412440280462
1.7933333333333332	0.03047104570647713
1.81	0.011284883538915047
1.8266666666666667	0.01209678741037823
1.8433333333333333	0.012906620070351482
1.86	0.0037142455533020757
1.8766666666666667	-0.005480470813206406
1.8933333333333333	0.0053223375995001265
1.91	-0.023877461271006484
1.9266666666666667	-0.023079998170549287
1.9433333333333334	-0.012285402520817057
1.96	-0.021493802412006158
1.9766666666666666	-0.010705324595565502
1.9933333333333334	-0.00992009447714165
2.01	-0.00913823610964365
2.026666666666667	0.0016401278135377284
2.0433333333333334	0.002414875965139951
2.06	-0.006814111609498463
2.0766666666666667	0.003953046513902658
2.0933333333333333	0.0047162331447007655
2.11	0.015475332483373294
2.1266666666666665	0.006230230127364178
2.1433333333333335	0.016980813076808154
2.16	0.017726969740081255
2.1766666666666667	0.018468589939215574
2.1933333333333334	0.029205564915146254
2.21	0.01993778733282736
2.2266666666666666	0.010665151286166574
2.243333333333333	0.011387552302838888
2.26	0.002104887348919171
2.276666666666667	0.00281705483339334
2.2933333333333334	0.0035239546124902765
2.31	-0.005774512006142429
2.3266666666666667	0.004921557740635074
2.3433333333333333	-0.004387931924686506
2.36	0.0062969246834755355
2.3766666666666665	0.006976034717381896
2.3933333333333335	0.027649306799404194
2.41	0.008316651025299937
2.4266666666666667	0.02897797896734533
2.4433333333333334	0.01963320367731508
2.46	0.02028223968930204
2.4766666666666666	0.010925003022401236
2.493333333333333	0.011561411183235282
2.51	-0.007808616831673665
2.526666666666667	0.00281483946632477
2.5433333333333334	0.013431702060084705
2.56	0.004041894428594983
2.5766666666666667	-0.015354658451253722
2.5933333333333333	0.015241969896975849
2.61	-0.0041682925492717016
2.6266666666666665	-0.013585516310196277
2.6433333333333335	0.006990229597538256
2.66	0.01755887766183034
2.6766666666666667	-0.0018796381239579163
2.6933333333333334	0.018674617739737276
2.71	0.01922158225927001
2.7266666666666666	-0.00023880605175324865
2.743333333333333	0.0002933928278197051
2.76	0.010818120426850764
2.776666666666667	0.0013353197819197526
2.7933333333333334	0.0118449354372
2.81	0.002346913444175258
2.8266666666666667	0.0028412013612295617
2.8433333333333333	0.003327748253076579
2.86	0.013806504690062726
2.8766666666666665	0.014277422747311475
2.8933333333333335	0.014740456003744684
2.91	0.025195559540945378
2.9266666666666667	0.025642689941891783
2.9433333333333334	0.026081805289545956
2.96	0.016512865165302815
2.9766666666666666	0.016935830647299477
2.993333333333333	-0.0026493356914054633
3.01	-0.0022426697848072497
3.026666666666667	-0.011844206076043307
3.0433333333333334	-0.011453977519650826
3.06	-0.0010720155839228362
3.0766666666666667	-0.000698350253435176
3.0933333333333333	0.009666989968319606
3.11	0.03002397805614765
3.1266666666666665	0.03037258846024188
3.1433333333333335	0.03071279710313468
3.16	0.041044581376519396
3.1766666666666667	0.02136792013794553
3.1933333333333334	0.021682793707376802
3.21	0.03198918386360938
3.2266666666666666	0.002287073840596121
3.243333333333333	0.0025764483235897195
3.26	0.0028572934452088528
3.276666666666667	-0.006870403218657062
3.2933333333333334	-0.006606652653053602
3.31	-0.0163514644082966
3.3266666666666667	-0.016104846604439615
3.3433333333333333	-0.00586680593584521
3.36	0.014362652324088232
3.3766666666666665	0.004583524318117871
3.3933333333333335	0.00479580760018683
3.41	0.014999501130357806
3.4266666666666667	0.0051946052696189016
3.4433333333333334	-0.004618878225426892
3.46	0.005559053792003388
3.4766666666666666	-0.00427159414667222
3.493333333333333	-0.004110816131070449
3.51	0.016041395122385393
3.526666666666667	-0.0038149517354464924
3.5433333333333334	-0.013679846692419173
3.56	0.006446721618768025
3.5766666666666667	0.026564765914338595
3.5933333333333333	0.016674300253085417
3.61	0.03677534002992838
3.6266666666666665	0.026867901969323815
3.6433333333333335	0.026952004118614148
3.66	0.01702766584122123
3.6766666666666667	0.02709490780977397
3.6933333333333334	0.007153751999101121
3.71	0.007204221679133982
3.7266666666666666	-0.0027536585922990353
3.743333333333333	-0.012719862976778518
3.76	-0.02269436436271033
3.776666666666667	-0.02267713437282498
3.7933333333333334	-0.032668143371799185
3.81	-0.03266736047396518
3.8266666666666667	-0.02267475355110604
3.8433333333333333	-0.012690289240376518
3.86	0.01728606704769997
3.8766666666666665	0.007254351121145641
3.8933333333333335	0.01721459999832997
3.91	0.017166851899686586
3.9266666666666667	0.007111146239340338
3.9433333333333334	0.007047523616642626
3.96	0.01697602580762203
3.9766666666666666	-0.0031033042436754976
3.993333333333333	0.006809577566102787
4.01	0.016714716490780324
4.026666666666666	0.006612158925758949
4.043333333333333	0.00650195239902801
4.06	0.00638414556209016
4.076666666666667	0.01625878818080917
4.093333333333334	0.016125931126178272
4.11	0.025985626365003456
4.126666666666667	-0.004162073049493564
4.1433333333333335	-0.004317112987144156
4.16	0.015520561749621076
4.176666666666667	0.00535100741614003
4.193333333333333	-0.004825718684172031
4.21	0.004990441790405309
4.226666666666667	0.014799548210042479
4.243333333333333	-0.005398339036544242
4.26	-0.01560315855207911
4.276666666666666	-0.015814847940793464
4.293333333333333	-0.016033343818535883
4.31	-0.01625858182296902
4.326666666666667	-0.00649049662382345
4.343333333333334	-0.02672902193321003
4.36	-0.006974090516019382
4.376666666666667	0.002774365799653733
4.3933333333333335	-0.007483583888007628
4.41	-0.007747869565110144
4.426666666666667	0.01198157968733815
4.443333333333333	0.011704835682728898
4.46	0.021421971118131267
4.476666666666667	0.021133059563492096
4.493333333333333	0.010838175450775867
4.51	0.010537394063096617
4.526666666666666	0.010230791523730798
4.543333333333333	0.01991844478514254
4.56	-0.00039956838208837775
4.576666666666667	-0.010723169400352284
4.593333333333334	-0.011052278896164724
4.61	-0.001386816711350991
4.626666666666667	-0.021726701914291213
4.6433333333333335	-0.012071852811197714
4.66	-0.0024221869574388433
4.676666666666667	-0.012777621168901243
4.693333333333333	-0.003138071533389186
4.71	-0.0035034534220799163
4.726666666666667	-0.01387368150099133
4.743333333333333	-0.014248669742505604
4.76	0.0053716685630790795
4.776666666666666	-0.015012579204032539
4.793333333333333	-0.015401325004753386
4.81	-0.005794480152768511
4.826666666666667	-0.006191955326206311
4.843333333333334	-0.0165936605793639
4.86	-0.01699950535442718
4.876666666666667	-0.017409398493251182
4.8933333333333335	0.0021767517508646805
4.91	0.0017590377013397274
4.926666666666667	0.011337552246493243
4.943333333333333	0.010912388827673702
4.96	0.010483641427382395
4.976666666666667	0.020051404557360375
4.993333333333333	-0.00038422675331928335
5.01	-0.0008231569702005226
5.026666666666666	0.008734709934618112
5.043333333333333	0.008289470470484228
5.06	-0.012158778383763058
5.076666666666667	-0.0026099391918032455
5.093333333333334	-0.003063914071840701
5.11	-0.0035206047086299153
5.126666666666667	-0.003979912365491334
5.1433333333333335	0.005558262103644407
5.16	-0.014905981757807607
5.176666666666667	-0.015372544021137968
5.193333333333333	-0.01584132438438801
5.21	-0.006312222184417626
5.226666666666667	-0.026785136408963295
5.243333333333333	-0.027259965708695433
5.26	0.0022633915907119273
5.276666666666666	-0.018214962523473932
5.293333333333333	-0.008694925763101657
5.31	-0.00917639555120442
5.326666666666667	-0.019659269034036086
5.343333333333334	-0.020143443093121938
5.36	-0.01062881435730978
5.376666666666667	-0.021115279214782345
5.3933333333333335	-0.021602733825098808
5.41	-0.042091074131200445
5.426666666666667	-0.02258019587140392
5.443333333333333	-0.0330699945914098
5.46	-0.023560365656261684
5.476666666666667	-0.034051204262329715
5.493333333333333	-0.024542405449232196
5.51	-0.015033864111793915
5.526666666666666	-0.015525475011937406
5.543333333333333	-0.0060171327905872984
5.56	0.0034912680204505775
5.576666666666667	0.0029998329866388618
5.593333333333334	-0.01749133224111543
5.61	0.0020178780617047254
5.626666666666667	-0.00847243031852879
5.6433333333333335	-0.018962151545371064
5.66	-0.019451179744040425
5.676666666666667	-0.019939409013106646
5.693333333333333	-0.04042673343620057
5.71	-0.02091304709363745
5.726666666666667	-0.021398244074047557
5.743333333333333	-0.021882218485981153
5.76	-0.012364864469440684
5.776666666666666	-0.012846076207419677
5.793333333333333	-0.02332574793740083
5.81	-0.0038037739627876377
5.826666666666667	-0.014280048664356393
5.843333333333334	-0.0047544665116008855
5.86	-0.025226922074107205
5.876666666666667	-0.015697310032847744
5.8933333333333335	-0.01616552519144432
5.91	-0.02663146248739673
5.926666666666667	-0.027095017003255673
5.943333333333333	-0.027556083977783474
5.96	-0.038014558817031696
5.976666666666667	-0.03847033710539055
5.993333333333333	-0.03892331461661769
6.01	-0.03937338732475448
6.026666666666666	-0.029820451415099203
6.043333333333333	-0.04026440329500991
6.06	-0.020705139604749734
6.076666666666667	-0.02114255722825903
6.093333333333334	-0.011576553303842385
6.11	-0.002007025234841253
6.126666666666667	-0.0024338707002588
6.1433333333333335	-0.012856987665288644
6.16	-0.013276274391825327
6.176666666666667	-0.003691629448927203
6.193333333333333	-0.02410295172317012
6.21	-0.034510140429005354
6.226666666666667	-0.014913095119041542
6.243333333333333	-0.04531171569422748
6.26	-0.025705902414032256
6.276666666666666	-0.026095555906551493
6.293333333333333	-0.046480577178506954
6.31	-0.03686086762524993
6.326666666666667	-0.03723632904067009
6.343333333333334	-0.03760686362702548
6.36	-0.027972374004736622
6.376666666666667	-0.00833276322211346
6.3933333333333335	-0.01868793476498737
6.41	0.000962207433687412
6.426666666666667	-0.01938224101569891
6.443333333333333	-0.019721184968824246
6.46	-0.05005452975685565
6.476666666666667	-0.03038218119574332
6.493333333333333	-0.05070404559546415
6.51	-0.05102002976922032
6.526666666666666	-0.061330041042507555
6.543333333333333	-0.05163398726215768
6.56	-0.06193177680531703
6.576666666666667	-0.05222331858828938
6.593333333333334	-0.05250852207539014
6.61	-0.04278729728765118
6.626666666666667	-0.033059554811502356
6.6433333333333335	-0.03332520580734094
6.66	-0.023584162018044585
6.676666666666667	-0.023836335777415563
6.693333333333333	-0.02408164001851132
6.71	-0.024319988281950033
6.726666666666667	-0.03455129472407947
6.743333333333333	-0.03477547412510262
6.76	-0.014992441897136721
6.776666666666666	-0.005202114092139221
6.793333333333333	-0.015404407409810805
6.81	0.004400760794632308
6.826666666666667	0.01421347250272581
6.843333333333334	0.014033809025145283
6.86	0.003861850994128835
6.876666666666667	-0.016302321643940465
6.8933333333333335	-0.026458629635966124
6.91	-0.02660699442939446
6.926666666666667	-0.04674733817943366
6.943333333333333	-0.03687958375620504
6.96	-0.0470036547517384
6.976666666666667	-0.03711947548696798
6.993333333333333	-0.027226971018560253
7.01	-0.0373260671457224
7.026666666666666	-0.04741669041687396
7.043333333333333	-0.02749876813626534
7.06	-0.03757222837048346
7.076666666666667	-0.03763699995487624
7.093333333333334	-0.037693012499894374
7.11	-0.047740196397339285
7.126666666666667	-0.03777848282651469
7.1433333333333335	-0.04780780376030708
7.16	-0.037828091971144284
7.176666666666667	-0.03783928103688616
7.193333333333333	-0.017841305346642022
7.21	-0.017834100106440043
7.226666666666667	-0.007817601344855762
7.243333333333333	0.0022082540814613028
7.26	-0.027756471517614678
7.276666666666666	-0.017711716671057032
7.293333333333333	-0.0176574207518857
7.31	-0.04759352398234429
7.326666666666667	-0.047519967438946153
7.343333333333334	-0.047436693057442525
7.36	-0.06734364363766959
7.376666666666667	-0.057240762848340565
7.3933333333333335	-0.03712799523172622
7.41	-0.0370052862082233
7.426666666666667	-0.026872582080845087
7.443333333333333	0.003270169960357283
7.46	-0.006576978165967806
7.476666666666667	-0.016413975436707695
7.493333333333333	-0.0162407717283658
7.51	-0.026057317821100323
7.526666666666666	-0.04586356540263814
7.543333333333333	-0.04565946707208113
7.56	-0.06544497634364288
7.576666666666667	-0.06522004765028294
7.593333333333334	-0.07498463634724162
7.61	-0.08473869871545875
7.626666666666667	-0.07448219196494754
7.6433333333333335	-0.084215074238008
7.66	-0.08393730461240018
7.676666666666667	-0.07364884310439673
7.693333333333333	-0.07334965067171134
7.71	-0.03303968921638378
7.726666666666667	-0.012718921587555831
7.743333333333333	0.0476126884158975
7.76	0.12795517604278434
7.776666666666666	0.2283085755870935
7.793333333333333	0.3786729203856603
7.81	0.5690482428158501
7.826666666666667	0.7794345742934072
7.843333333333334	1.0198319452703353
7.86	1.250240385232919
7.876666666666667	1.4706599226998263
7.8933333333333335	1.6110905852203192
7.91	1.6615323993725288
7.926666666666667	1.6019853907618657
7.943333333333333	1.4324495840194953
7.96	1.1129250028009574
7.976666666666667	0.7834116697847842
7.993333333333333	0.39390960667131847
8.01	0.024418834181589244
8.026666666666667	-0.3550606279437422
8.043333333333333	-0.724528760945321
8.06	-1.1139855470459201
8.076666666666666	-1.513430969451215
8.093333333333334	-1.8728650123504123
8.11	-1.9822876609168434
8.126666666666667	-1.981698901308392
8.143333333333333	-1.981098720667882
8.16	-1.9804871071233727
8.176666666666666	-1.9798640497883042
8.193333333333333	-1.9792295387616161
8.21	-1.6185835651277267
8.226666666666667	-0.8079261209564645
8.243333333333334	-0.2272571993028331
8.26	0.4034232057932037
8.276666666666667	0.5441150993071833
8.293333333333333	1.0048184852305186
8.31	1.585533366571131
8.326666666666666	1.9662597453540485
8.343333333333334	1.9869976226221442
8.36	1.9877469984370375
8.376666666666667	1.9885078718799125
8.393333333333333	1.9792802410526031
8.41	1.980064103078669
8.426666666666666	1.810859454104579
8.443333333333333	1.541666289301022
8.46	1.1624846028642093
8.476666666666667	0.6833143880174087
8.493333333333334	0.2541556370124497
8.51	-0.12499165886865057
8.526666666666667	-0.48412750931195664
8.543333333333333	-0.853251924969797
8.56	-1.2023649174588917
8.576666666666666	-1.5914664993583587
8.593333333333334	-1.900556684207658
8.61	-1.9596354865044328
8.626666666666667	-1.9587029217022858
8.643333333333333	-1.9577590062084402
8.66	-1.9368037573813737
8.676666666666666	-1.5058371935282788
8.693333333333333	-1.0148593339025296
8.71	-0.6538701987010352
8.726666666666667	-0.25286980906147627
8.743333333333334	-0.0018581870594935879
8.76	0.07916464429418191
8.776666666666667	0.32019866105674816
8.793333333333333	0.5612438383563529
8.81	0.6923001503952673
8.826666666666666	0.7433675704530696
8.843333333333334	0.9044460708899704
8.86	1.195535623150166
8.876666666666667	1.4866361977653173
8.893333333333333	1.5977477643580487
8.91	1.7988702916455779
8.926666666666666	2.0200037474433885
8.943333333333333	2.0211480986689905
8.96	2.0123033113457516
8.976666666666667	1.9634693506068084
8.993333333333334	1.7346461806990514
9.01	1.4158337649871635
9.026666666666667	0.9770320659577701
9.043333333333333	0.5682410452236226
9.06	0.20946066352787845
9.076666666666666	-0.19930911925155964
9.093333333333334	-0.508068344097626
9.11	-0.876817052849624
9.126666666666667	-1.275555288198646
9.143333333333333	-1.6142830936829795
9.16	-1.773000513683407
9.176666666666666	-1.821707593418446
9.193333333333333	-1.8104043789395416
9.21	-1.7590909171261635
9.226666666666667	-1.6777672556808412
9.243333333333334	-1.5364334431241726
9.26	-1.5150895287897237
9.276666666666667	-1.5637355628188812
9.293333333333333	-1.5423715961556441
9.31	-1.3509976805413475
9.326666666666666	-0.9896138685093473
9.343333333333334	-0.4882202133795954
9.36	0.1831832307467922
9.376666666666667	0.9545964089930623
9.393333333333333	1.4260192657123867
9.41	1.9074517444935144
9.426666666666666	1.958893788166435
9.443333333333333	1.6403453388081466
9.46	1.701806337748456
9.476666666666667	1.763276725575817
9.493333333333334	1.9547564421432753
9.51	1.9062454265744078
9.526666666666667	1.447743617269352
9.543333333333333	0.9092509519108862
9.56	0.5407673674705591
9.576666666666666	0.09229280021483682
9.593333333333334	-0.37617281428863536
9.61	-0.7846295411647756
9.626666666666667	-1.1530774462247315
9.643333333333333	-1.4415165959595089
9.66	-1.6399470575335555
9.676666666666666	-1.7983688987782729
9.693333333333333	-1.8867821881855338
9.71	-1.9051869949010811
9.726666666666667	-1.8935833887179567
9.743333333333334	-1.8119714400698341
9.76	-1.6103512200243315
9.776666666666667	-1.3187228002762728
9.793333333333333	-1.1070862531409156
9.81	-0.915441651547131
9.826666666666666	-0.7437890690305422
9.843333333333334	-0.632128579726634
9.86	-0.5504602583638127
9.876666666666667	-0.33878418025642376
9.893333333333333	-0.08710042129775863
9.91	0.1845909420470139
9.926666666666666	0.5062898327479186
9.943333333333333	0.8179961732172918
9.96	1.0797098853169462
9.976666666666667	1.2414308903653468
9.993333333333334	1.2531591091448318
10.01	1.1248944619088677
10.026666666666667	1.0266368683893259
10.043333333333333	1.0283862478038026
10.06	1.0201425188629525
10.076666666666666	0.9319055997778641
10.093333333333334	0.913675408267463
10.11	0.9254518615659286
10.126666666666667	0.8372348764301522
10.143333333333333	0.5890243691472212
10.16	0.31082025554191206
10.176666666666666	0.13262245098422648
10.193333333333333	-0.015569129603067472
10.21	-0.20375457173684744
10.226666666666667	-0.45193396136605246
10.243333333333334	-0.6501073848640627
10.26	-0.7382749290210586
10.276666666666667	-0.7864366810363721
10.293333333333333	nan
10.31	nan
10.326666666666666	nan
10.343333333333334	nan
10.36	nan
10.376666666666667	nan
10.393333333333333	nan
10.41	nan
10.426666666666666	nan
10.443333333333333	nan
10.46	nan
10.476666666666667	nan
10.493333333333334	nan
10.51	nan
10.526666666666667	nan
10.543333333333333	nan
10.56	nan
10.576666666666666	nan
10.593333333333334	0.32947182947913267
10.61	0.1414070468473681
10.626666666666667	-0.1266538556146097
10.643333333333333	-0.464710972140359
10.66	-0.6127643971928707
10.676666666666666	-0.5808142254566399
10.693333333333333	-0.5488605518297824
10.71	-0.4269034714161517
10.726666666666667	-0.17494307951742194
10.743333333333334	0.04702052837479706
10.76	0.11898725658684
10.776666666666667	0.2509570092708924
10.793333333333333	0.3029296904128612
10.81	0.11490520384025821
10.826666666666666	0.026883453230067217
10.843333333333334	-0.161135657883367
10.86	-0.42915222610050785
10.876666666666667	-0.49716634814875704
10.893333333333333	-0.5951781208746036
10.91	-0.7531876412358022
10.926666666666666	-0.6211950062935443
10.943333333333333	-0.4292003132046354
10.96	-0.18720365921369472
10.976666666666667	0.014794858354637397
10.993333333333334	0.21679514210347828
11.01	0.21879709457146912
11.026666666666667	0.13080061824054195
11.043333333333333	0.11280561554363362
11.06	-0.10518801112756314
11.076666666666666	-0.32318035941493073
11.093333333333334	-0.2711715269861884
11.11	-0.23916161152725746
11.126666666666667	-0.2571507107345894
11.143333333333333	-0.06513892230753132
11.16	0.1268736560592843
11.176666666666666	0.24888692668355014
11.193333333333333	0.5309007919028568
11.21	0.7629151540822208
11.226666666666667	0.8549299156216663
11.243333333333334	0.9569449789636999
11.26	0.9489602466008042
11.276666666666667	0.6909756210829047
11.293333333333333	0.47299100502481933
11.31	0.2550063011136486
11.326666666666666	-0.1329785878838191
11.343333333333334	-0.3209637591137511
11.36	-0.4089493096279411
11.376666666666667	-0.616935336376493
11.393333333333333	-0.7749219362005448
11.41	-0.7729092058250238
11.426666666666666	-0.8208972418514264
11.443333333333333	-0.7888861407506313
11.46	-0.6368759988557173
11.476666666666667	-0.4348669123548683
11.493333333333334	-0.24285897728426364
11.51	-0.04085228952098689
11.526666666666667	0.1711530552239363
11.543333333333333	0.32315696141262573
11.56	0.41515933368723323
11.576666666666666	0.3871600768769126
11.593333333333334	0.29915909600469437
11.61	0.211156296294371
11.626666666666667	0.11315158317726796
11.643333333333333	0.08514486229908472
11.66	0.05713603952660347
11.676666666666666	0.079125020954413
11.693333333333333	0.13111171291157492
11.71	0.18309602196827568
11.726666666666667	0.2050778549423651
11.743333333333334	0.26705711890598016
11.76	0.2690337211920057
11.776666666666667	0.2910075694005783
11.793333333333333	0.3729785714054649
11.81	0.39494663536053404
11.826666666666666	0.3569116697060012
11.843333333333334	0.22887358317482584
11.86	0.05083228479891096
11.876666666666667	-0.10721231608467119
11.893333333333333	-0.33526030982749544
11.91	-0.5033117864636443
11.926666666666666	-0.5413668357036914
11.943333333333333	-0.5094255469285688
11.96	-0.39748800918365645
11.976666666666667	-0.2155543111728171
11.993333333333334	-0.0036245412524645317
12.01	0.1083012125742324
12.026666666666667	0.23022286266317982
12.043333333333333	0.26214032173510826
12.06	0.17405350288129154
12.076666666666666	0.0459623195691592
12.093333333333334	-0.23213331435205026
12.11	-0.44023348464574585
12.126666666666667	-0.5483382766824909
12.143333333333333	-0.6164477754345438
12.16	-0.5845620654704278
12.176666666666666	-0.4026812309496013
12.193333333333333	-0.19080535561715797
12.21	-0.008934522798557883
12.226666666666667	0.23293118460556556
12.243333333333334	0.4547916841245409
12.26	0.5666468937227848
12.276666666666667	nan
12.293333333333333	0.7103411172201866
12.31	0.6721799692685676
12.326666666666666	0.6440132077045005
12.343333333333334	0.5758407527422218
12.36	0.3976625250605256
12.376666666666667	0.1694784458073871
12.393333333333333	0.011288436604674407
12.41	-0.2069075804472726
12.426666666666666	-0.37510968276506695
12.443333333333333	-0.5033179472778067
12.46	-0.6315324504226374
12.476666666666667	-0.739753268140334
12.493333333333334	-0.7679804758710473
12.51	-0.7462141485499582
12.526666666666667	-0.5944543606031251
12.543333333333333	-0.3727011859433145
12.56	-0.10095469796590369
12.576666666666666	0.19078503045518116
12.593333333333334	0.442517926971364
12.61	0.6842439197634382
12.626666666666667	0.7859629375453695
12.643333333333333	0.7876749095681012
12.66	0.6293797656233081
12.676666666666666	0.5110774360471243
12.693333333333333	0.362767851723662
12.71	0.24445094408870496
12.726666666666667	0.12612664513313188
12.743333333333334	-0.0022051125936169425
12.76	-0.12054439598012781
12.776666666666667	-0.16889127134969184
12.793333333333333	-0.17724580445709381
12.81	-0.18560806048528905
12.826666666666666	-0.14397810404235978
12.843333333333334	-0.08235599915839183
12.86	-0.11074180928242015
12.876666666666667	-0.0891355972794809
12.893333333333333	-0.1075374254277418
12.91	-0.2059473554155839
12.926666666666666	-0.3643654483388616
12.943333333333333	-0.42279176469816915
12.96	-0.49122636439620204
12.976666666666667	-0.5096693067350856
12.993333333333334	-0.4381206504138969
13.01	-0.296580453526166
13.026666666666667	-0.14504877355744342
13.043333333333333	0.026474332617047208
13.06	0.2179888087347102
13.076666666666666	0.3994945991478202
13.093333333333334	0.5309916488257144
13.11	0.6924799033568277
13.126666666666667	0.7339593089508681
13.143333333333333	0.7754298124407166
13.16	0.8068913612843865
13.176666666666666	0.7383439035669063
13.193333333333333	0.5897873880021349
13.21	0.42122176393444477
13.226666666666667	0.1726469813405154
13.243333333333334	-0.10593700916912496
13.26	-0.25453025634850124
13.276666666666667	-0.4131328083146908
13.293333333333333	-0.5317447125463581
13.31	-0.5403660158824379
13.326666666666666	-0.4889967645207136
13.343333333333334	-0.45763700401663343
13.36	-0.35628677928208413
13.376666666666667	-0.21494613458424278
13.393333333333333	-0.03361511354448393
13.41	0.11770624086258898
13.426666666666666	0.30901788631018184
13.443333333333333	0.430319781120144
13.46	0.5516118842638371
13.476666666666667	0.5928941553629411
13.493333333333334	0.5941665546901368
13.51	0.5354290431697538
13.526666666666667	0.45668158237844997
13.543333333333333	0.317924134545694
13.56	0.17915666255424262
13.576666666666666	0.010379129940628201
13.593333333333334	-0.17840849910452702
13.61	-0.36720625973619914
13.626666666666667	-0.5060141864546798
13.643333333333333	-0.6448323131053965
13.66	-0.773660672878797
13.676666666666666	-0.8024992983102462
13.693333333333333	-0.7713482212800211
13.71	-0.6702074730133436
13.726666666666667	-0.5390770840804722
13.743333333333334	-0.32795708439684423
13.76	-0.136847503223334
13.776666666666667	0.044251630833568534
13.793333333333333	0.1953402898213494
13.81	0.33641844644116814
13.826666666666666	0.4374860740473511
13.843333333333334	0.47854314664697406
13.86	0.5095896388992799
13.876666666666667	0.5606255261150728
13.893333333333333	0.5916507842560829
13.91	0.6326653899342893
13.926666666666666	0.5936693204110595
13.943333333333333	0.5446625535964494
13.96	0.4556450680482696
13.976666666666667	0.38661684297115384
13.993333333333334	0.2875778582156228
14.01	0.1985280942770408
14.026666666666667	0.13946753229450254
14.043333333333333	0.10039615404974912
14.06	0.03131394196593992
14.076666666666666	0.012220879106450422
14.093333333333334	-0.03688305082644053
14.11	-0.13599786349289386
14.126666666666667	-0.2551235739168851
14.143333333333333	-0.35426019648763185
14.16	-0.48340774496112743
14.176666666666666	-0.5925662324616572
14.193333333333333	-0.5917356714833651
14.21	-0.560916073891938
14.226666666666667	-0.4501074509262658
14.243333333333334	-0.31930981320018514
14.26	-0.15852317070425404
14.276666666666667	-0.03774753280760154
14.293333333333333	0.09301709174022504
14.31	0.25377069480728864
14.326666666666666	0.3645132688773379
14.343333333333334	0.41524480704774647
14.36	0.45596530302750216
14.376666666666667	0.40667475113501783
14.393333333333333	0.35737314629606387
14.41	0.2880604840415234
14.426666666666666	0.1687367605051355
14.443333333333333	0.03940197242124083
14.46	-0.01994388287754259
14.476666666666667	-0.09930080746275988
14.493333333333334	-0.14866880281243824
14.51	-0.17804786981361384
14.526666666666667	-0.1974380087648169
14.543333333333333	-0.22683921937860899
14.56	-0.19625150078415268
14.576666666666666	-0.1456748515298645
14.593333333333334	-0.10510926958604563
14.61	-0.05455475234761323
14.626666666666667	0.0659887033631879
14.643333333333333	0.16652110129395706
14.66	0.28704244575937465
14.676666666666666	0.3775527416383252
14.693333333333333	0.46805199437095163
14.71	0.538540209955805
14.726666666666667	0.5590173949468273
14.743333333333334	0.5494835564503481
14.76	0.4699387021220468
14.776666666666667	0.33038284016390174
14.793333333333333	0.12081597932103214
14.81	-0.12876187112139004
14.826666666666666	-0.38835070134139393
14.843333333333334	-0.5979505009833461
14.86	-0.7475612591612468
14.876666666666667	-0.8071829644619779
14.893333333333333	-0.8168156049486591
14.91	-0.7164591681639233
14.926666666666666	-0.5661136411333647
14.943333333333333	-0.3557790103688762
14.96	-0.16545526187212514
14.976666666666667	0.07485761886198689
14.993333333333334	0.2751596468418365
15.01	0.49545083757557495
15.026666666666667	0.6257312070675298
15.043333333333333	0.7560007718146704
15.06	0.7262595488029765
15.076666666666666	0.6765075555038261
15.093333333333334	0.5267448098703034
15.11	0.38697133033354786
15.126666666666667	0.16718713579902
15.143333333333333	-0.04260775435722919
15.16	-0.2124133202923117
15.176666666666666	-0.32222954170029416
15.193333333333333	-0.40205639781600044
15.21	-0.46189386741886584
15.226666666666667	-0.49174192883674095
15.243333333333334	-0.5116005599498353
15.26	-0.5214697381945457
15.276666666666667	-0.5213494405674286
15.293333333333333	-0.47123964362911136
15.31	-0.37114032350824944
15.326666666666666	-0.26105145590553475
15.343333333333334	-0.07097301609764456
15.36	0.16909502105869512
15.376666666666667	0.41915268112269194
15.393333333333333	0.6491999900654579
15.41	0.8492369742658865
15.426666666666666	0.9792636605066323
15.443333333333333	0.9592800759699647
15.46	0.8492862482336532
15.476666666666667	0.6292822052668581
15.493333333333334	0.33926797542596143
15.51	0.03924358745040457
15.526666666666667	-0.22079092954145432
15.543333333333333	-0.4508355460565814
15.56	-0.6708902322314215
15.576666666666666	-0.7309549578361325
15.593333333333334	-0.7410296922788114
15.61	-0.7111144046097161
15.626666666666667	-0.5912090635255285
15.643333333333333	-0.40131363737359826
15.66	-0.23142809415623
15.676666666666666	-0.08155240153491655
15.693333333333333	0.09831347316531971
15.71	0.2081695629516903
15.726666666666667	0.2580159011592963
15.743333333333334	0.26785252144685007
15.76	0.18767945779234935
15.776666666666667	0.09749674448875395
15.793333333333333	0.04730441613966363
15.81	0.037102507654988015
15.826666666666666	0.056891054246610034
15.843333333333334	0.11667009142405049
15.86	0.2264396549900992
15.876666666666667	0.336199781036503
15.893333333333333	0.4459505059395989
15.91	0.5356918663559473
15.926666666666666	0.5354238992179879
15.943333333333333	0.4651466417297102
15.96	0.33486013136224413
15.976666666666667	0.18456440584954148
15.993333333333334	-0.0157404968159906
16.01	-0.146054538387863
16.026666666666667	-0.29637768036983636
16.043333333333333	-0.3967098840202853
16.06	-0.48705111035657256
16.076666666666668	-0.517401320159365
16.093333333333334	-0.5277604739770037
16.11	-0.5081285321298499
16.126666666666665	-0.47850545471460926
16.143333333333334	-0.4488912016086922
16.16	-0.3992857324745256
16.176666666666666	-0.33968900676389246
16.19333333333333	-0.2901009837222548
16.21	-0.27052162239306066
16.226666666666667	-0.21095088162205577
16.243333333333332	-0.1513887200616018
16.26	-0.08183509617494561
16.276666666666667	-0.012289968240538046
16.293333333333333	0.04724670564371544
16.31	0.09677496755616967
16.326666666666668	0.16629485974716346
16.343333333333334	0.19580642463479736
16.36	0.24530970480066402
16.376666666666665	0.2448047429856269
16.393333333333334	0.27429158208560267
16.41	0.2737702651473316
16.426666666666666	0.25324083536419656
16.44333333333333	0.19270333607203022
16.46	0.14215781074492995
16.476666666666667	0.12160430299111376
16.493333333333332	0.04104285654875062
16.51	-0.019526484718169923
16.526666666666667	-0.010103676823949498
16.543333333333333	-0.010688675665299713
16.56	0.008718562974572491
16.576666666666668	0.07811808342186999
16.593333333333334	0.11750993010816714
16.61	0.15689414756634493
16.626666666666665	0.19627078042656268
16.643333333333334	0.22563987341225394
16.66	0.18500147133611736
16.676666666666666	0.21435561909613896
16.69333333333333	0.16370236167164373
16.71	0.10304174411933192
16.726666666666667	0.052373811569363105
16.743333333333332	-0.01830139077854534
16.76	-0.14898381765901872
16.776666666666667	-0.1996734237448831
16.793333333333333	-0.2903701636510192
16.81	-0.41107399193818894
16.826666666666668	-0.5117848631168276
16.843333333333334	-0.5225027316508812
16.86	-0.603227551961504
16.876666666666665	-0.6539592784308417
16.893333333333334	-0.6646978654057744
16.91	-0.6454432672015442
16.926666666666666	-0.6061954381055328
16.94333333333333	-0.47695433238082285
16.96	-0.2977199042698902
16.976666666666667	-0.12849210799818708
16.993333333333332	0.08072910222225779
17.01	0.2999437721893016
17.026666666666667	0.469151947707121
17.043333333333333	0.6683536745827127
17.06	0.7775489986224178
17.076666666666668	0.8267379656284517
17.093333333333334	0.8459206213954451
17.11	0.8350970117070629
17.126666666666665	0.8442671823326128
17.143333333333334	0.773431179023667
17.16	0.7025890475107421
17.176666666666666	0.5917408335000112
17.19333333333333	0.4608865826699799
17.21	0.2900263406682856
17.226666666666667	0.09916015310843135
17.243333333333332	-0.1117119344333996
17.26	-0.382589876421483
17.276666666666667	-0.6134736273637416
17.293333333333333	-0.8343631418148467
17.31	-1.0152583743792445
17.326666666666668	-1.1061592797143247
17.343333333333334	-1.077065812533319
17.36	-1.0179779276083942
17.376666666666665	-0.9188955797735815
17.393333333333334	-0.7798187239277012
17.41	-0.6307473150373154
17.426666666666666	-0.5116813081395435
17.44333333333333	-0.39262065834497406
17.46	-0.29356532084042997
17.476666666666667	-0.1745152508918015
17.493333333333332	-0.06547040384675124
17.51	0.023569264862514844
17.526666666666667	0.09260379971656635
17.543333333333333	0.20163324510611175
17.56	0.3706576453293497
17.576666666666668	0.4496770445893391
17.593333333333334	0.558691486991472
17.61	0.6577010165409437
17.626666666666665	0.6967056771401967
17.643333333333334	0.7657055125864921
17.66	0.7647005665694852
17.676666666666666	0.7236908826687525
17.69333333333333	0.6426765043514705
17.71	0.6016574749700858
17.726666666666667	0.48063383775994706
17.743333333333332	0.4496056358370575
17.76	0.43857291219588
17.776666666666667	0.3775357097070254
17.793333333333333	0.2864940711151803
17.81	0.1454480390368756
17.826666666666668	-0.08560234404154449
17.843333333333334	-0.3366570357660683
17.86	-0.5377159939170411
17.876666666666665	-0.768779176411135
17.893333333333334	-0.9298465413033569
17.91	-1.0709180467890098
17.926666666666666	-1.09199365120558
17.94333333333333	-1.1230733130346153
17.96	-1.0641569909035473
17.976666666666667	-0.9152446435874999
17.993333333333332	-0.666336230011147
18.01	-0.3674317092503139
18.026666666666667	-0.038531040533772834
18.043333333333333	0.22036581675510375
18.06	0.4392589030767004
18.076666666666668	0.6281482587336017
18.093333333333334	0.737033923868951
18.11	0.7559159384649845
18.126666666666665	0.6447943423414686
18.143333333333334	0.5536691751543003
18.16	0.47254047639401986
18.176666666666666	0.2814082853844294
18.19333333333333	0.050272641281261646
18.21	-0.17086641692920296
18.226666666666667	-0.3720088504313817
18.243333333333332	-0.5231546205816834
18.26	-0.5843036889097537
18.276666666666667	-0.5654560171195693
18.293333333333333	-0.5066115670907194
18.31	-0.3877703008794747
18.326666666666668	-0.21893218071987303
18.343333333333334	0.019902830975243507
18.36	0.2187347716131254
18.376666666666665	0.4575636784202491
18.393333333333334	0.6463895884412341
18.41	0.7252125385379795
18.426666666666666	0.8140325653888254
18.44333333333333	0.7628497054876173
18.46	0.5916639951429122
18.476666666666667	0.3604754704771961
18.493333333333332	0.07928416742615291
18.51	-0.2219098782621116
18.526666666666667	-0.5231066310277053
18.543333333333333	-0.754306055499641
18.56	-0.9255081164964017
18.576666666666668	-1.0867127790266773
18.593333333333334	-1.1379200082896739
18.61	-1.069129769675873
18.626666666666665	-0.910342028767412
18.643333333333334	-0.6615567513385504
18.66	-0.32277390335613027
18.676666666666666	0.016006549020095406
18.69333333333333	0.31478463943704105
18.71	0.6035604013479476
18.726666666666667	0.8223338680121284
18.743333333333332	0.9711050724946995
18.76	0.8798740476662936
18.776666666666667	0.7186408262029229
18.793333333333333	0.5474054405857351
18.81	0.34616792310095224
18.826666666666668	0.14492830583967303
18.843333333333334	-0.1063133793021642
18.86	-0.28755710062380296
18.876666666666665	-0.39880282661976824
18.893333333333334	-0.43005052597974136
18.91	-0.43130016758868733
18.926666666666666	-0.37255172052658275
18.94333333333333	-0.293805154068489
18.96	-0.24506043768435407
18.976666666666667	-0.11631754103881303
18.993333333333332	-0.017576433991080956
19.01	0.09116291340529967
19.026666666666667	0.17990053090273556
19.043333333333333	0.22863644805978967
19.06	0.28737069424152006
19.076666666666668	0.3561032986198307
19.093333333333334	0.33483429017376126
19.11	0.2535636976899568
19.126666666666665	0.15229154976298873
19.143333333333334	0.0810178747958907
19.16	0.01974270100052188
19.176666666666666	-0.07153394360183996
19.19333333333333	-0.13281203118006404
19.21	-0.114091534092558
19.226666666666667	-0.14537242488675237
19.243333333333332	-0.1766546762984283
19.26	-0.16793826125119093
19.276666666666667	-0.1792231528557546
19.293333333333333	-0.20050932440925537
19.31	-0.2217967493946182
19.326666666666668	-0.24308540147982033
19.343333333333334	-0.32437525451704563
19.36	-0.37566628254207446
19.376666666666665	-0.38695845977338644
19.393333333333334	-0.3982517606113137
19.41	-0.30954615963731913
19.426666666666666	-0.0708416316130423
19.44333333333333	0.2178618485206133
19.46	0.5165643056442737
19.476666666666667	0.7752657644611471
19.493333333333332	0.9539662494978878
19.51	1.0426657851056669
19.526666666666667	1.0013643954610452
19.543333333333333	0.8200621045670705
19.56	0.5687589362543397
19.576666666666668	0.3574549141820144
19.593333333333334	0.09615006183885064
19.61	-0.1951555974555835
19.626666666666665	-0.41646204054989605
19.643333333333334	-0.5477692444597062
19.66	-0.6790771863663606
19.676666666666666	-0.7403858436160283
19.69333333333333	-0.681695193718231
19.71	-0.6330052143448097
19.726666666666667	-0.5043158833285842
19.743333333333332	-0.34562717866220805
19.76	-0.176939078496799
19.776666666666667	-0.06825156114074021
19.793333333333333	0.04043539494164486
19.81	0.1391218111314347
19.826666666666668	0.19780770865641745
19.843333333333334	0.20649310859242057
19.86	0.2551780318646845
19.876666666666665	0.2538624992492728
19.893333333333334	0.2425465313743997
19.91	0.21123014872190998
19.926666666666666	0.15991337162863128
19.94333333333333	0.06859622028782814
19.96	-0.012721285249335348
19.976666666666667	-0.10403912507229482
19.993333333333332	-0.18535727940973232
20.01	-0.22667572862799637
20.026666666666667	-0.2179944532295763
20.043333333333333	-0.13931343385173064
20.06	-0.05063265126478919
20.076666666666668	-0.0019520863707650007
20.093333333333334	0.0767282797982296
20.11	0.16540846608162157
20.126666666666665	0.22408849119180246
20.143333333333334	0.2727683737158216
20.16	0.4114481321168684
20.176666666666666	0.47012778473596956
20.19333333333333	0.4988073497934878
20.21	0.5674868453908244
20.226666666666667	0.5561662895119529
20.243333333333332	0.4048457000251281
20.26	0.28352509468444503
20.276666666666667	0.1622044911315172
20.293333333333333	0.0008839068971406155
20.31	-0.15043664059707024
20.326666666666668	-0.25175713403705086
20.343333333333334	-0.3330775562145805
20.36	-0.41439789002558103
20.376666666666665	-0.44571811846856496
20.393333333333334	-0.41703822464279544
20.41	-0.37835819174667534
20.426666666666666	-0.3296780030760727
20.44333333333333	-0.21099764202262214
20.46	-0.08231709207195864
20.476666666666667	-0.03363633680210583
20.493333333333332	0.005044640118274893
20.51	0.023725854931627183
20.526666666666667	-0.04759267620688652
20.543333333333333	-0.1389109372275786
20.56	-0.18022891214458175
20.576666666666668	-0.20154658505409329
20.593333333333334	-0.20286394013270936
20.61	-0.12418096163563057
20.626666666666665	0.05450236610495082
20.643333333333334	0.18318605868167473
20.66	0.28187013161363217
20.676666666666666	0.4305546003481573
20.69333333333333	0.5292394802625006
20.71	0.5979247866655389
20.726666666666667	0.6566105347995574
20.743333333333332	0.685296739841842
20.76	0.6739834169064747
20.776666666666667	0.5526705810460016
20.793333333333333	0.35135824725316533
20.81	0.0800464304625639
20.826666666666668	-0.17126485444761708
20.843333333333334	-0.3325755926539403
20.86	-0.503885769386028
20.876666666666665	-0.5851953699248422
20.893333333333334	-0.5865043796010713
20.91	-0.5278127837933774
20.926666666666666	-0.4491205679268171
20.94333333333333	-0.34042771747109923
20.96	-0.201734217938982
20.976666666666667	-0.06304005488460035
20.993333333333332	0.055654786098145476
21.01	0.10435031937728692
21.026666666666667	0.10304655928438416
21.043333333333333	0.0917435201161089
21.06	0.030441216135904003
21.076666666666668	-0.04086033842440062
21.093333333333334	-0.05216112936304752
21.11	-0.06346114250671558
21.126666666666665	-0.044760363708953754
21.143333333333334	0.0639412211514099
21.16	0.2126436261717642
21.176666666666666	0.301346865427335
21.19333333333333	0.4200509529726776
21.21	0.5487559028432507
21.226666666666667	0.5374617290569174
21.243333333333332	0.44616844561542635
21.26	0.3748760665059315
21.276666666666667	0.22358460570250513
21.293333333333333	0.0622940771675588
21.31	-0.00899550514665265
21.326666666666668	-0.0902841272966119
21.343333333333334	-0.16157177534605857
21.36	-0.15285843536460023
21.376666666666665	-0.12414409342631395
21.393333333333334	-0.15542873560830245
21.41	-0.15671234798935094
21.426666666666666	-0.1879949166485146
21.44333333333333	-0.24927642766380886
21.46	-0.34055686711081945
21.476666666666667	-0.41183622106142115
21.493333333333332	-0.4631144755824139
21.51	-0.38439161673427313
21.526666666666667	-0.22566763056983874
21.543333333333333	0.03305749686695922
21.56	0.28178377954233624
21.576666666666668	0.550511231433896
21.593333333333334	0.7592398665318376
21.61	0.8779696988401902
21.626666666666665	0.8967007423779672
21.643333333333334	0.7354330111803671
21.66	0.5041665192998994
21.676666666666666	0.28290128080753124
21.69333333333333	-0.01836269020617265
21.71	-0.32962537962999233
21.726666666666667	-0.5608867733309151
21.743333333333332	-0.7421468571531269
21.76	-0.8334056169169088
21.776666666666667	-0.8346630384176532
21.793333333333333	-0.7559191074248284
21.81	-0.6171738096809987
21.826666666666668	-0.4584271309008324
21.843333333333334	-0.27967905677016563
21.86	-0.09092957294506997
21.876666666666665	0.13782133494907253
21.893333333333334	0.34657368131847743
21.91	0.5053274806017889
21.926666666666666	0.6440827472709988
21.94333333333333	0.7328394958322266
21.96	0.711597740826571
21.976666666666667	0.580357496830886
21.993333333333332	0.43911877845856573
22.01	0.24788160036028306
22.026666666666667	0.04664597722475314
22.043333333333333	-0.08458807622058032
22.06	-0.215820545208849
22.076666666666668	-0.37705141493308797
22.093333333333334	-0.5082806705455867
22.11	-0.5595082971572543
22.126666666666665	-0.6007342798370281
22.143333333333334	-0.5219586036112891
22.16	-0.3531812534632769
22.176666666666666	-0.11440221433257998
22.19333333333333	0.13437852888539795
22.21	0.4331609913399319
22.226666666666667	0.6719451882254407
22.243333333333332	0.8407311347819669
22.26	0.9095188462955621
22.276666666666667	0.8983083380987245
22.293333333333333	0.8070996255707701
22.31	0.6358927241382055
22.326666666666668	0.4346876492750452
22.343333333333334	0.1534844165031501
22.36	-0.06771695860750007
22.376666666666665	-0.1989164604385247
22.393333333333334	-0.33011407332290327
22.41	-0.3913097815447417
22.426666666666666	-0.38250356933909396
22.44333333333333	-0.3636954208917561
22.46	-0.35488532033914044
22.476666666666667	-0.3360732517681243
22.493333333333332	-0.29725919921596106
22.51	-0.2984431466701825
22.526666666666667	-0.31962507806854773
22.543333333333333	-0.3108049772990008
22.56	-0.2319828281996671
22.576666666666668	-0.11315861455885452
22.593333333333334	0.00566767988490921
22.61	0.15449607144281186
22.626666666666665	0.32332657647568813
22.643333333333334	0.4621592113939056
22.66	0.5609939926572325
22.676666666666666	0.6798309367746963
22.69333333333333	0.6786700603044002
22.71	0.6675113798533275
22.726666666666667	0.66635491207711
22.743333333333332	0.5352006736797944
22.76	0.3740486814135672
22.776666666666667	0.2628989520784464
22.793333333333333	0.10175150252199339
22.81	-0.0893936503610602
22.826666666666668	-0.2805364896291522
22.843333333333334	-0.46167699829428377
22.86	-0.6428151593224447
22.876666666666665	-0.7639509556340289
22.893333333333334	-0.8650843701043058
22.91	-0.8962153855638829
22.926666666666666	-0.837343984799241
22.94333333333333	-0.7384701505532332
22.96	-0.5695938655256458
22.976666666666667	-0.3107151123737707
22.993333333333332	-0.05183387371301512
23.01	0.23704986788250254
23.026666666666667	0.5159361298792959
23.043333333333333	0.7348249297838554
23.06	0.8337162851419389
23.076666666666668	0.8326102135378792
23.093333333333334	0.7715067325938596
23.11	0.5904058599691387
23.126666666666665	0.3993076133592896
23.143333333333334	0.22821201049537948
23.16	0.05711906914316661
23.176666666666666	-0.07397119289774756
23.19333333333333	-0.1950587577947795
23.21	-0.2761436076832704
23.226666666666667	-0.4172257246673706
23.243333333333332	-0.5583050908209815
23.26	-0.6793816881887282
23.276666666666667	-0.7704554987868775
23.293333333333333	-0.8415265046043936
23.31	-0.8625946876039166
23.326666666666668	-0.8136600297228138
23.343333333333334	-0.6847225128742207
23.36	-0.4857821189481478
23.376666666666665	-0.20683882981254603
23.393333333333334	0.1221073726855541
23.41	0.46105650671890525
23.426666666666666	0.7300085904788987
23.44333333333333	0.9889636421743684
23.46	1.1079216800304141
23.476666666666667	1.1068827222871365
23.493333333333332	0.9958467871984684
23.51	0.8148138930308713
23.526666666666667	0.5737840580620708
23.543333333333333	0.33275730057977687
23.56	0.12173363888033673
23.576666666666668	-0.02928690873256068
23.593333333333334	-0.10030432394924632
23.61	-0.1113185884554388
23.626666666666665	-0.10232968393364344
23.643333333333334	-0.12333759206451875
23.66	-0.15434229452835224
23.676666666666666	-0.1953437730064362
23.69333333333333	-0.2863420091825796
23.71	-0.407336984744535
23.726666666666667	-0.5683286813855128
23.743333333333332	-0.7193170808056673
23.76	-0.8203021647136417
23.776666666666667	-0.8912839148281136
23.793333333333333	-0.8922623128792833
23.81	-0.8232373406105156
23.826666666666668	-0.6742089797798867
23.843333333333334	-0.4751772121617903
23.86	-0.21614201954855725
23.876666666666665	0.042896616247946384
23.893333333333334	0.26193871339458685
23.91	0.4309842900354353
23.926666666666666	0.5700333642900062
23.94333333333333	0.6590859542516032
23.96	0.648142077985604
23.976666666666667	0.6472017535277488
23.993333333333332	0.5762649988824557
24.01	0.4553318320210367
24.026666666666667	0.3544022708799865
24.043333333333333	0.22347633335916844
24.06	0.11255403732009306
24.076666666666668	0.06163540058411954
24.093333333333334	0.0007204409306326154
24.11	-0.09019082390474278
24.126666666666665	-0.20109837623194232
24.143333333333334	-0.30200219840834014
24.16	-0.3829022728405242
24.176666666666666	-0.44379858198622
24.19333333333333	-0.4946911083561004
24.21	-0.5155798345156527
24.226666666666667	-0.4864647430870689
24.243333333333332	-0.41734581675116
24.26	-0.37822303824919756
24.276666666666667	-0.31909639038484955
24.293333333333333	-0.2499658560260955
24.31	-0.22083141810714813
24.326666666666668	-0.21169305963034413
24.343333333333334	-0.22255076366812826
24.36	-0.2834045133649411
24.376666666666665	-0.38425429193924093
24.393333333333334	-0.4451000826853654
24.41	-0.44594186897559324
24.426666666666666	-0.4267796342620076
24.44333333333333	-0.33761336207855724
24.46	-0.148443036042967
24.476666666666667	0.10073136014127054
24.493333333333332	0.3299098426828479
24.51	0.5790924277007448
24.526666666666667	0.8182791312221449
24.543333333333333	0.8974699691805379
24.56	0.876664957413634
24.576666666666668	0.7958641116613931
24.593333333333334	0.5850674475640003
24.61	0.3742749806599019
24.626666666666665	0.2134867263837773
24.643333333333334	0.042702700064466026
24.66	-0.06807708307692167
24.676666666666666	-0.09885260792916217
24.69333333333333	-0.14962385949281015
24.71	-0.20039082288230345
24.726666666666667	-0.23115348332791913
24.743333333333332	-0.30191182617781875
24.76	-0.39266583690003026
24.776666666666667	-0.47341550108453184
24.793333333333333	-0.5541608044452045
24.81	-0.6449017328218554
24.826666666666668	-0.6656382721822043
24.843333333333334	-0.6363704086239382
24.86	-0.5070981283767222
24.876666666666665	-0.3678214178041291
24.893333333333334	-0.138540263405691
24.91	0.11074534818109366
24.926666666666666	0.37003543017879126
24.94333333333333	0.5693299956680642
24.96	0.6786290575856597
24.976666666666667	0.6679326287224472
24.993333333333332	0.5772407217214119
25.01	0.4465533490757122
25.026666666666667	0.1958705231267619
25.043333333333333	-0.02480774393780444
25.06	-0.225481440086023
25.076666666666668	-0.4761505534435894
25.093333333333334	-0.656815072295772
25.11	-0.777474985089305
25.126666666666665	-0.8481302804343847
25.143333333333334	-0.8287809471065056
25.16	-0.7494269740484214
25.176666666666666	-0.6300683503719899
25.19333333333333	-0.4907050653601199
25.21	-0.26133710846861474
25.226666666666667	-0.04196446932802256
25.243333333333332	0.16741286225449659
25.26	0.3867948962932618
25.276666666666667	0.5661816426223462
25.293333333333333	0.6855731108936785
25.31	0.7249693105751925
25.326666666666668	0.7343702509491389
25.343333333333334	0.7037759411101705
25.36	0.533186389963652
25.376666666666665	0.35260160622387243
25.393333333333334	0.10202159841228187
25.41	-0.16855362514432817
25.426666666666666	-0.349124056315384
25.44333333333333	-0.49968968716836754
25.46	-0.62025050997049
25.476666666666667	-0.7208065171903342
25.493333333333332	-0.7213577014996153
25.51	-0.7119040557747305
25.526666666666667	-0.6324455730985162
25.543333333333333	-0.5029822467617133
25.56	-0.3435140702647624
25.576666666666668	-0.194041037319243
25.593333333333334	-0.04456314184952437
25.61	0.08491962200568132
25.626666666666665	0.24440725989175566
25.643333333333334	0.3338997772367221
25.66	0.4233971792497025
25.676666666666666	0.5628994709193683
25.69333333333333	0.6524066570125455
25.71	0.7419187420727713
25.726666666666667	0.821435730418755
25.743333333333332	0.8609576261430661
25.76	0.8604844331107275
25.776666666666667	0.8400161549577996
25.793333333333333	0.749552795090042
25.81	0.5890943566815933
25.826666666666668	0.4086408426736172
25.843333333333334	0.19819225577303795
25.86	-0.0022514015487240524
25.876666666666665	-0.19269012705700816
25.893333333333334	-0.38312391875520696
25.91	-0.5035527748858531
25.926666666666666	-0.5839766939319434
25.94333333333333	-0.6443956746179722
25.96	-0.6448097159111957
25.976666666666667	-0.5852188170226527
25.993333333333332	-0.4956229774082973
26.01	-0.36602219677010783
26.026666666666667	-0.17641647505706295
26.043333333333333	-0.01680581246623969
26.06	0.11280979055623785
26.076666666666668	nan
26.093333333333334	0.3220558148605432
26.11	0.3116862339960968
26.126666666666665	0.29132158926899165
26.143333333333334	0.23096187897363263
26.16	0.140607101149836
26.176666666666666	0.040257253582078045
26.19333333333333	-0.040087666201367944
26.21	-0.12042766092913859
26.226666666666667	-0.18076273358765296
26.243333333333332	-0.19109288742168426
26.26	-0.20141812593513997
26.276666666666667	-0.1617384528916994
26.293333333333333	-0.09205387231546885
26.31	-0.02236438849160599
26.326666666666668	0.09732999403310566
26.343333333333334	0.24702927044973022
26.36	0.376733435686623
26.376666666666665	0.5064424844088904
26.393333333333334	0.6161564110180296
26.41	0.6758752096513175
26.426666666666666	0.6955988741815733
26.44333333333333	0.6553273982166274
26.46	0.5350607750990479
26.476666666666667	0.4047989979057927
26.493333333333332	0.2345420594478994
26.51	0.044289952270211874
26.526666666666667	-0.1359573313488826
26.543333333333333	-0.3061997993975818
26.56	-0.47643746013090577
26.576666666666668	-0.616670322070886
26.593333333333334	-0.7768983940066005
26.61	-0.8871216849943151
26.626666666666665	-0.9373402043575443
26.643333333333334	-0.9275539616870877
26.66	-0.8177629668409525
26.676666666666666	-0.6279672299444248
26.69333333333333	-0.37816676138992567
26.71	-0.09836157183695349
26.726666666666667	0.18144832778800646
26.743333333333332	0.4712629262917351
26.76	0.7410822122143979
26.776666666666667	0.9009061738297894
26.793333333333333	0.9507347991455626
26.81	0.9505680759035486
26.826666666666668	0.8404059915800687
26.843333333333334	0.6702485333862382
26.86	0.44009568826838763
26.876666666666665	0.1999474429084876
26.893333333333334	-0.020196216275453316
26.91	-0.14033530312884673
26.926666666666666	-0.26046983176010585
26.94333333333333	-0.32059981654002456
26.96	-0.31072527210123224
26.976666666666667	-0.2608462133375672
26.993333333333332	-0.14096265540349545
27.01	0.028925386286632437
27.026666666666667	0.2188178960592611
27.043333333333333	0.3287148579823305
27.06	0.40861625586608835
27.076666666666668	0.38852207326390076
27.093333333333334	0.2784322934730481
27.11	0.08834689953563557
27.126666666666665	-0.1217341257605532
27.143333333333334	-0.3018107998810685
27.16	-0.44188314054388356
27.176666666666666	-0.5519511657183445
27.19333333333333	-0.6120148936241558
27.21	-0.6220743427303335
27.226666666666667	-0.5921295317540778
27.243333333333332	-0.5121804796596404
27.26	-0.3722272056572107
27.276666666666667	-0.20226972920166256
27.293333333333333	-0.07230806999133615
27.31	0.0776577520332209
27.326666666666668	0.17762771669052357
27.343333333333334	0.21760180355952435
27.36	0.2475799919809183
27.376666666666665	0.24756226105861234
27.393333333333334	0.20754858966105005
27.41	0.18753895642278456
27.426666666666666	0.15753333974589112
27.44333333333333	0.10753171780149245
27.46	0.10753406853133529
27.476666666666667	0.11754036964941256
27.493333333333332	0.167550598643523
27.51	0.2675647327769485
27.526666666666667	0.35758274909016713
27.543333333333333	0.4576046244024791
27.56	0.5476303353138776
27.576666666666668	0.6076598582067547
27.593333333333334	0.597693169247733
27.61	0.5477302443894658
27.626666666666665	0.43777105937262084
27.643333333333334	0.28781558972763965
27.66	0.12786381077680692
27.676666666666666	-0.032084302363845185
27.69333333333333	-0.22202877478255062
27.71	-0.371969631769729
27.726666666666667	-0.4519068988159609
27.743333333333332	-0.5418406016098901
27.76	-0.6217707660360974
27.776666666666667	-0.6816974181729418
27.793333333333333	-0.7216205842903738
27.81	-0.7415402908477438
27.826666666666668	-0.7114565644915443
27.843333333333334	-0.6213694320531477
27.86	-0.5012789205464744
27.876666666666665	-0.3411850571657068
27.893333333333334	-0.16108786928288854
27.91	0.019012615554438228
27.926666666666666	0.1891163696256758
27.94333333333333	0.33922336503959866
27.96	0.4493335737368212
27.976666666666667	0.5194469674923272
27.993333333333332	0.5495635179180043
28.01	0.5596831964651608
28.026666666666667	0.48980597442716645
28.043333333333333	0.39993182294202556
28.06	0.2700607129950502
28.076666666666668	0.17019261542151037
28.093333333333334	0.10032750090933812
28.11	0.07046534000183496
28.126666666666665	0.04060610310045709
28.143333333333334	0.05074976046756052
28.16	0.09089628222918628
28.176666666666666	0.12104563837793036
28.19333333333333	0.13119779877576887
28.21	0.1513527331569492
28.226666666666667	0.10151041113087317
28.243333333333332	0.04167080218503372
28.26	-0.018166124312029464
28.276666666666667	-0.12800039910776678
28.293333333333333	-0.24783205306259867
28.31	-0.2976611171469217
28.326666666666668	-0.367487622438043
28.343333333333334	-0.437311600117109
28.36	-0.45713308146603965
28.376666666666665	-0.4969520978643859
28.393333333333334	-0.546768680786205
28.41	-0.5565828617969025
28.426666666666666	-0.5563946725500564
28.44333333333333	-0.5662041447842199
28.46	-0.5360113103196675
28.476666666666667	-0.44581620105521763
28.493333333333332	-0.33561884896489574
28.51	-0.14541928609471177
28.526666666666667	0.09478245544067754
28.543333333333333	0.344986343461282
28.56	0.6151923457251063
28.576666666666668	0.7954004299315236
28.593333333333334	0.9156105637246419
28.61	0.9358227146967187
28.626666666666665	0.8460368503915515
28.643333333333334	0.6562529383079176
28.66	0.44647094590303243
28.676666666666666	0.23669084059600082
28.69333333333333	0.046912589771287316
28.71	-0.10286383921774356
28.726666666666667	-0.19263847904537493
28.743333333333332	-0.2424113624099483
28.76	-0.2321825220303744
28.776666666666667	-0.18195199064254977
28.793333333333333	-0.10171980099576916
28.81	-0.021485985849193423
28.826666666666668	0.06874942203182183
28.843333333333334	0.1189863898792653
28.86	0.13922488492614754
28.876666666666665	0.10946487441010944
28.893333333333334	0.029706325577085524
28.91	-0.05005079431505355
28.926666666666666	-0.10980651799279928
28.94333333333333	-0.19956087816336676
28.96	-0.2793139075109542
28.976666666666667	-0.32906563869307986
28.993333333333332	-0.36881610433685497
29.01	-0.3585653370352542
29.026666666666667	-0.3083133693434046
29.043333333333333	-0.24806023377482753
29.06	-0.1778059627977112
29.076666666666668	-0.08755058883113831
29.093333333333334	-0.02729414424134391
29.11	0.022963338662057464
29.126666666666665	0.023221827629859748
29.143333333333334	0.033481290477020975
29.16	0.04374169508646619
29.176666666666666	0.09400300941288042
29.19333333333333	0.16426520148648716
29.21	0.2645282394168452
29.226666666666667	0.3447920913966766
29.243333333333332	0.4150567257056438
29.26	0.5053221107141885
29.276666666666667	0.5355882148873123
29.293333333333333	0.5358550067884116
29.31	0.49612245508306607
29.326666666666668	0.3963905285428987
29.343333333333334	0.23665919604935248
29.36	0.07692842659751253
29.376666666666665	-0.11280181070003725
29.393333333333334	-0.30253154660946013
29.41	-0.38226081177180893
29.426666666666666	-0.4519896366992195
29.44333333333333	-0.5017180517711071
29.46	-0.4914460872303643
29.476666666666667	-0.44117377317951156
29.493333333333332	-0.40090113957695855
29.51	-0.3306282162331524
29.526666666666667	-0.2403550328068235
29.543333333333333	-0.180081618801141
29.56	-0.1198080035599891
29.576666666666668	-0.08953421626414593
29.593333333333334	-0.0692602859275313
29.61	-0.06898624139340725
29.626666666666665	-0.048712111330668995
29.643333333333334	-0.03843792423003578
29.66	-0.008163708400365621
29.676666666666666	0.05211050803513878
29.69333333333333	0.1323846971426348
29.71	0.19265883118134974
29.726666666666667	0.2629328826072838
29.743333333333332	0.31320682407695355
29.76	0.3634806284510221
29.776666666666667	0.41375426879802446
29.793333333333333	0.43402771839799154
29.81	0.4043009507461603
29.826666666666668	0.36457393955653666
29.843333333333334	0.2848466587656132
29.86	0.1751190825358931
29.876666666666665	0.03539118525957774
29.893333333333334	-0.08433705843791944
29.91	-0.16406567369432226
29.926666666666666	-0.22379468540703065
29.94333333333333	-0.2535241182295024
29.96	-0.25325399656775355
29.976666666666667	-0.21298434457685142
29.993333333333332	-0.16271518615744426
30.01	-0.07244654495221015
30.026666666666667	0.047821555657478254
30.043333333333333	0.15808909255511366
30.06	0.2583560428923829
30.076666666666668	0.3386223840925994
30.093333333333334	0.35888809385412546
30.11	0.2891531501536542
30.126666666666665	0.17941753124957943
30.143333333333334	0.03968121568535521
30.16	-0.12005581770727491
30.176666666666666	-0.24979358980496452
30.19333333333333	-0.3595321211895149
30.21	-0.4092714321446732
30.226666666666667	-0.42901154265285907
30.243333333333332	-0.3987524723920837
30.26	-0.3584942407327095
30.276666666666667	-0.28823686673437166
30.293333333333333	-0.2479803691428225
30.31	-0.2177247663868628
30.326666666666668	-0.18747007657534337
30.343333333333334	-0.16721631749406005
30.36	-0.14696350660279076
30.376666666666665	-0.08671166103230571
30.393333333333334	-0.006460797581414657
30.41	0.07378906728592205
30.426666666666666	0.17403791744349134
30.44333333333333	0.24428573710573698
30.46	0.3345325108305266
30.476666666666667	0.3747782235219815
30.493333333333332	0.39502286043327156
30.51	0.3852664071693069
30.526666666666667	0.35550884968949403
30.543333333333333	0.26575017431035824
30.56	0.1859903677082494
30.576666666666668	0.09622941692193593
30.593333333333334	0.0464673093552026
30.61	0.036704032779309115
30.626666666666665	0.026939575335625854
30.643333333333334	-0.012826074461960602
30.66	-0.03259292772457012
30.676666666666666	-0.10236099518593966
30.69333333333333	-0.1921302872000602
30.71	-0.2419008137387395
30.726666666666667	-0.3116725843894399
30.743333333333332	-0.3514456083529307
30.76	-0.3212198944410583
30.776666666666667	-0.300995451074549
30.793333333333333	-0.270772286280896
30.81	-0.2005504076921714
30.826666666666668	-0.14032982254303453
30.843333333333334	-0.09011053766861321
30.86	-0.05989255950250544
30.876666666666665	-0.05967589407485818
30.893333333333334	-0.09946054701046114
30.91	-0.14924652352674875
30.926666666666666	-0.20903382843207693
30.94333333333333	-0.21882246612387532
30.96	-0.17861244058685755
30.976666666666667	-0.08840375539138712
30.993333333333332	0.04180358630834696
31.01	0.22200958177579905
31.026666666666667	0.37221422869381093
31.043333333333333	0.52241752516604
31.06	0.6226194697185853
31.076666666666668	0.6628200613013354
31.093333333333334	0.6630192992894508
31.11	0.63321718348479
31.126666666666665	0.553413714117144
31.143333333333334	0.48360889184559674
31.16	0.3738027177597294
31.176666666666666	0.21399519338082573
31.19333333333333	0.09418632066308197
31.21	-0.025623898005405987
31.226666666666667	-0.16543545980142194
31.243333333333332	-0.2752483614657467
31.26	-0.3750625993021479
31.276666666666667	-0.49487816917642335
31.293333333333333	-0.5846950665155669
31.31	-0.6545132863069445
31.326666666666668	-0.7143328230974544
31.343333333333334	-0.7241536709928458
31.36	-0.6439758236570621
31.376666666666665	-0.49379927431153925
31.393333333333334	-0.3236240157346392
31.41	-0.11345004026115768
31.426666666666666	0.09672266021827602
31.44333333333333	0.25689409425747234
31.46	0.3370642708552501
31.476666666666667	0.34723319945565273
31.493333333333332	0.27740088994829165
31.51	0.1475673526685421
31.526666666666667	0.037732598397843764
31.543333333333333	-0.08210336163630261
31.56	-0.19194051576012824
31.576666666666668	-0.2317788518536461
31.593333333333334	-0.19161835735061086
31.61	-0.10145901923858447
31.626666666666665	0.058699175940937376
31.643333333333334	0.2288562420923541
31.66	0.3990121935657076
31.676666666666666	0.5591670451565882
31.69333333333333	0.6593208121054759
31.71	0.6994735100977499
31.726666666666667	0.6896251552629435
31.743333333333332	0.6197757641745023
31.76	0.4999253538490365
31.776666666666667	0.3800739417460191
31.793333333333333	0.20022154576680012
31.81	0.050368184254177384
31.826666666666668	-0.0894861240083838
31.843333333333334	-0.22934135979765202
31.86	-0.3491975034514434
31.876666666666665	-0.439054534869401
31.893333333333334	-0.4889124335141264
31.91	-0.5087711784121045
31.926666666666666	-0.4986307481547352
31.94333333333333	-0.44849112089952914
31.96	-0.3783522743712409
31.976666666666667	-0.30821418586302474
31.993333333333332	-0.22807683223788838
32.01	-0.16794018992978615
32.026666666666664	-0.11780423494525072
32.04333333333334	-0.09766894286466965
32.06	-0.10753428884380689
32.07666666666667	-0.13740024761537742
32.093333333333334	-0.14726679349067354
32.11	-0.15713390036113312
32.126666666666665	-0.14700154170014498
32.14333333333333	-0.07686969056480086
32.16	0.03326168040242339
32.17666666666667	0.15339259897156599
32.193333333333335	0.2935230933234641
32.21	0.4036531920476193
32.22666666666667	0.49378292414032315
32.24333333333333	0.5439123190023509
32.26	0.554041406437089
32.276666666666664	0.5241702166481028
32.29333333333334	0.48429878023694073
32.31	0.40442712820100246
32.32666666666667	0.28455529193097806
32.343333333333334	0.13468330320855693
32.36	-0.025188805796183822
32.376666666666665	-0.16506100252704825
32.39333333333333	-0.2949332540445467
32.41	-0.38480552702830106
32.42666666666667	-0.4246777877799328
32.443333333333335	-0.4045500022256087
32.46	-0.3444221359190055
32.47666666666667	-0.2442941540438553
32.49333333333333	-0.10416602141714776
32.51	0.01596229750804934
32.526666666666664	0.1260908386396588
32.54333333333334	0.17621963824352982
32.56	0.18634873294017978
32.57666666666667	0.12647815970192278
32.593333333333334	0.046607955849447213
32.61	-0.10326184095131974
32.626666666666665	-0.25313119269263895
32.64333333333333	-0.3730000610281226
32.66	-0.472868407276351
32.67666666666667	-0.5327361924241759
32.693333333333335	-0.5126033771302906
32.71	-0.41246992172873365
32.72666666666667	-0.2823357862326657
32.74333333333333	-0.10220093033778249
32.76	0.09793468657383791
32.776666666666664	0.2680711054298861
32.79333333333334	0.39820836746425103
32.81	0.45834651421300127
32.82666666666667	0.4684855875104311
32.843333333333334	0.43862562948526435
32.86	0.34876668255661364
32.876666666666665	0.28890878942974246
32.89333333333333	0.22905199309226937
32.91	0.18919633680976228
32.92666666666667	0.15934186412174317
32.943333333333335	0.15948861883722215
32.96	0.15963664503068864
32.97666666666667	0.1597859870374641
32.99333333333333	0.18993668944969072
33.01	0.1600887971115028
33.026666666666664	0.12024235511491432
33.04333333333334	0.09039740879499747
33.06	0.020554003725592074
33.07666666666667	-0.08928781428550786
33.093333333333334	-0.18912799920104575
33.11	-0.29896650475919273
33.126666666666665	-0.3888032844780523
33.14333333333333	-0.4286382916605778
33.16	-0.43847147939946296
33.17666666666667	-0.4383028005818129
33.193333333333335	-0.4181322078941734
33.21	-0.357959653827554
33.22666666666667	-0.29778509068224857
33.24333333333333	-0.2276084705729325
33.26	-0.16742974543388361
33.276666666666664	-0.13724886702377379
33.29333333333334	-0.07706578693119409
33.31	-0.03688045657954858
33.32666666666667	-0.026692827232492444
33.343333333333334	-0.00650284999902051
33.36	-0.006310475838920804
33.376666666666665	0.01388434443191644
33.39333333333333	0.05408166013619253
33.41	0.11428152072963643
33.42666666666667	0.17448397579574026
33.443333333333335	0.2746890750401147
33.46	0.37489686828498703
33.47666666666667	0.46510740546364365
33.49333333333333	0.5253207366149601
33.51	0.555536911877537
33.526666666666664	0.49575598148427136
33.54333333333334	0.4259779957564409
33.56	0.29620300509817243
33.57666666666667	0.12643105999055548
33.593333333333334	-0.04333778901408902
33.61	-0.1731034912981154
33.626666666666665	-0.302865996184291
33.64333333333333	-0.3826252529417677
33.66	-0.4023812107919416
33.67666666666667	-0.39213381891448684
33.693333333333335	-0.3718830264531887
33.71	-0.311628782522104
33.72666666666667	-0.24137103621139586
33.74333333333333	-0.191109736593603
33.76	-0.1808448327295504
33.776666666666664	-0.20057627367452147
33.79333333333334	-0.2203040084844355
33.81	-0.26002798622190193
33.82666666666667	-0.28974815596246506
33.843333333333334	-0.2694644668008352
33.86	-0.1991768678570351
33.876666666666665	-0.11888530828269891
33.89333333333333	0.03141026273262737
33.91	0.1717098959552703
33.92666666666667	0.31201364210105376
33.943333333333335	0.42232155182900405
33.96	0.5026336757349318
33.97666666666667	0.5329500643451699
33.99333333333333	0.5132707681100439
34.01	0.4835958373976429
34.026666666666664	0.41392532248718894
34.04333333333334	0.31425927356276745
34.06	0.19459774070675057
34.07666666666667	0.08494077389341603
34.093333333333334	-0.044711577017604365
34.11	-0.1443592622877774
34.126666666666665	-0.19400223230625774
34.14333333333333	-0.24364043759632084
34.16	-0.24327382882195533
34.17666666666667	-0.18290235679443664
34.193333333333335	-0.11252597247882787
34.21	-0.022144627000576567
34.22666666666667	0.0582417283478559
34.24333333333333	0.14863314210047918
34.26	0.1990296626111564
34.276666666666664	0.19943133804692664
34.29333333333334	0.18983821638149678
34.31	0.11025034538856676
34.32666666666667	-0.02933222736479585
34.343333333333334	-0.12890945452478847
34.36	-0.2684812889574698
34.376666666666665	-0.4080476837554647
34.39333333333333	-0.5276085922445324
34.41	-0.5771639679902361
34.42666666666667	-0.5967137648046338
34.443333333333335	-0.5562579367528525
34.46	-0.4457964381597476
34.47666666666667	-0.32532922361659783
34.49333333333333	-0.17485624798771934
34.51	-0.004377466417075815
34.526666666666664	0.1561071656650473
34.54333333333334	0.29659769253540846
34.56	0.3870941581711939
34.57666666666667	0.43759660624336405
34.593333333333334	0.438105080110045
34.61	0.40861962280995784
34.626666666666665	0.33914027705571875
34.64333333333333	0.22966708522731166
34.66	0.09020008936547019
34.67666666666667	-0.009260668834910168
34.693333333333335	-0.08871514803135558
34.71	-0.13816330724034398
34.72666666666667	-0.16760510584390695
34.74333333333333	-0.16704050359611064
34.76	-0.1364694606296471
34.776666666666664	-0.11589193746232818
34.79333333333334	-0.06530789500354345
34.81	-0.01471729456083165
34.82666666666667	-0.00412009784628059
34.843333333333334	0.016483733016987967
34.86	0.03709423548836449
34.876666666666665	0.02771144660336522
34.89333333333333	0.0183354029671976
34.91	-0.0010338592516124234
34.92666666666667	-0.030396304327584833
34.943333333333335	-0.05975189698462963
34.96	-0.06910060240237448
34.97666666666667	-0.08844238622246778
34.99333333333333	-0.11777721455485107
35.01	-0.13710505398402426
35.026666666666664	-0.1664258715752691
35.04333333333334	-0.1957396348808531
35.06	-0.23504631194624187
35.07666666666667	-0.26434587131622106
35.093333333333334	-0.27363828204102103
35.11	-0.2629235136824624
35.126666666666665	-0.24220153631998242
35.14333333333333	-0.1914723205567081
35.16	-0.10073583752545734
35.17666666666667	0.010007941105263818
35.193333333333335	0.10075904312533163
35.21	0.2015174957770577
35.22666666666667	0.28228332574931436
35.24333333333333	0.323056559171673
35.26	0.31383722160859073
35.276666666666664	0.31462533805360554
35.29333333333334	0.3154209329236143
35.31	0.27622403005313334
35.32666666666667	0.2570346526886287
35.343333333333334	0.22785282348287017
35.36	0.18867856448933173
35.376666666666665	0.1495118971566441
35.39333333333333	0.1503528423230307
35.41	0.10120142021087086
35.42666666666667	0.062057650421212474
35.443333333333335	0.01292155192841421
35.46	-0.06620685692524539
35.47666666666667	-0.1753275584348719
35.49333333333333	-0.2944405355382295
35.51	-0.4235457718209556
35.526666666666664	-0.5326432515217683
35.54333333333334	-0.5617329595375806
35.56	-0.5508148814285849
35.57666666666667	-0.5198890034233419
35.593333333333334	-0.4089553124237062
35.61	-0.27801379600981757
35.626666666666665	-0.1670644424450063
35.64333333333333	-0.05610724068060377
35.66	0.05485781963923442
35.67666666666667	0.1258307481728076
35.693333333333335	0.15681155387612794
35.71	0.1878002449983403
35.72666666666667	0.20879682907708264
35.74333333333333	0.19980131293399733
35.76	0.2308137026702144
35.776666666666664	0.2518340036619337
35.79333333333334	0.2628622205560732
35.81	0.25389835726597365
35.82666666666667	0.254942416967057
35.843333333333334	0.2259944020927302
35.86	0.1670543143301747
35.876666666666665	0.11812215461632541
35.89333333333333	0.06919792313380801
35.91	0.00028161930694731163
35.92666666666667	-0.01862675820203441
35.943333333333335	-0.05752721149696499
35.96	-0.08641974345143585
35.97666666666667	-0.10530435771251492
35.99333333333333	-0.0841810587044429
36.01	-0.11304985163220171
36.026666666666664	-0.08191074248501093
36.04333333333334	-0.05076373803981926
36.06	-0.03960884586466035
36.07666666666667	0.011553925677898091
36.093333333333334	0.08272456742770853
36.11	0.11390306942362338
36.126666666666665	0.13508942090050063
36.14333333333333	0.1962836102861638
36.16	0.18748562519826942
36.17666666666667	0.13869545244157094
36.193333333333335	0.12991307800490498
36.21	0.061138487058512936
36.22666666666667	-0.06762833604874938
36.24333333333333	-0.12638740779191154
36.26	-0.19513874547264268
36.276666666666664	-0.29388236722160777
36.29333333333334	-0.35261829200096595
36.31	-0.38134653960660064
36.32666666666667	-0.4200671306706159
36.343333333333334	-0.42878008666325684
36.36	-0.41748542989533444
36.376666666666665	-0.3661831835199715
36.39333333333333	-0.2948733715348702
36.41	-0.18355601878392958
36.42666666666667	-0.052231150959328565
36.443333333333335	0.08910120539695826
36.46	0.2304410228912414
36.47666666666667	0.3517882732768331
36.49333333333333	0.46314292745226615
36.51	0.5445049554599675
36.526666666666664	0.5958743264850125
36.54333333333334	0.6372510088536094
36.56	0.6386349700320928
36.57666666666667	0.6100261766258421
36.593333333333334	0.5514245943780003
36.61	0.462830188168798
36.626666666666665	0.3442429220146091
36.64333333333333	0.18566275906700583
36.66	0.007089661612264375
36.67666666666667	-0.15147640892936193
36.693333333333335	-0.3300354920041768
36.71	-0.4985876279255468
36.72666666666667	-0.5971328578740669
36.74333333333333	-0.6856712238981972
36.76	-0.724202768914103
36.776666666666664	-0.6727275367059851
36.79333333333334	-0.5612455719261373
36.81	-0.42975692009478295
36.82666666666667	-0.25826162759997384
36.843333333333334	-0.06675974169736804
36.86	0.10474868949004507
36.876666666666665	0.2662636169722645
36.89333333333333	0.39778499089300606
36.91	0.46931276053008797
36.92666666666667	0.4908468742959431
36.943333333333335	0.48238727973880624
36.96	0.4139339235430516
36.97666666666667	0.3254867515303616
36.99333333333333	0.22704570866076565
37.01	0.12861073903364534
37.026666666666664	0.0401817858888803
37.04333333333334	-0.008241208391761679
37.06	-0.0166583022833805
37.07666666666667	-0.015069555116383498
37.093333333333334	-0.003475027075117987
37.11	-0.001874779196016474
37.126666666666665	0.02973112663392735
37.14333333333333	0.04134262767903529
37.16	0.0029596603568886604
37.17666666666667	-0.05541783975977846
37.193333333333335	-0.12378993794097706
37.21	-0.16215670029720297
37.22666666666667	-0.1905181937773439
37.24333333333333	-0.18887448616622482
37.26	-0.14722564608216562
37.276666666666664	-0.06557174297451764
37.29333333333334	0.016087152878969974
37.31	0.13775097037492437
37.32666666666667	0.2294196375870348
37.343333333333334	0.29109308176902726
37.36	0.312771229357665
37.376666666666665	0.31445400597564854
37.39333333333333	0.27614133643503314
37.41	0.20783314474024744
37.42666666666667	0.10952935409160858
37.443333333333335	0.041229886888619866
37.46	-0.03706533526637523
37.47666666666667	-0.11535639156475981
37.49333333333333	-0.1636433619877071
37.51	-0.1919263273025768
37.526666666666664	-0.20020536905895428
37.54333333333334	-0.18848056958462156
37.56	-0.15675201198160935
37.57666666666667	-0.10501978012197634
37.593333333333334	-0.02328395864348859
37.61	0.04845536705457325
37.626666666666665	0.15019811081591
37.64333333333333	0.22194418573178842
37.66	0.2636935041455258
37.67666666666667	0.2854459776572438
37.693333333333335	0.2772015171287164
37.71	0.2189600326881288
37.72666666666667	0.14072143373508084
37.74333333333333	0.07248562894580331
37.76	-0.015747473722085376
37.776666666666664	-0.06397796702392011
37.79333333333334	-0.10220594442284608
37.81	-0.060431500084517406
37.82666666666667	0.021345271128512755
37.843333333333334	0.11312427366240847
37.86	0.24490541127768295
37.876666666666665	0.38668858705488535
37.89333333333333	0.4984737034005853
37.91	0.5602606620531445
37.92666666666667	0.5720493640889238
37.943333333333335	0.5238397099282014
37.96	0.44563159934159957
37.97666666666667	0.31742493145595974
37.99333333333333	0.1392196047612336
38.01	-0.0389844828835499
38.026666666666664	-0.2171874342433463
38.04333333333334	-0.3653893527009224
38.06	-0.4735903422496417
38.07666666666667	-0.5217905074871805
38.093333333333334	-0.5199899536081847
38.11	-0.4681887863978436
38.126666666666665	-0.3763871122242903
38.14333333333333	-0.27458503803197304
38.16	-0.16278267133412563
38.17666666666667	-0.05098012020564467
38.193333333333335	0.030822506724296622
38.21	0.09262510027963408
38.22666666666667	0.15442755074512188
38.24333333333333	0.176229747873795
38.26	0.22803158089448966
38.276666666666664	0.27983293852002894
38.29333333333334	0.32163370895462173
38.31	0.3834337799020188
38.32666666666667	0.4452330385735042
38.343333333333334	0.527031371695876
38.36	0.5788286655195584
38.376666666666665	0.640624805827102
38.39333333333333	0.6224196779409739
38.41	0.4842131667325306
38.42666666666667	0.42600515662994365
38.443333333333335	0.3477955316271063
38.46	0.22958417529193792
38.47666666666667	0.09137097077528089
38.49333333333333	-0.03684419918059372
38.51	-0.19506145223287208
38.526666666666664	-0.3632809064296407
38.54333333333334	-0.5015026802007565
38.56	-0.6297268923487541
38.57666666666667	-0.7379536620399518
38.593333333333334	-0.7961831087952314
38.61	-0.7944153524806324
38.626666666666665	-0.7426505132983166
38.64333333333333	-0.6208887117771117
38.66	-0.45913006876292317
38.67666666666667	-0.2773747054095329
38.693333333333335	-0.09562274316886737
38.71	0.05612569621870949
38.72666666666667	0.1778704907338382
38.74333333333333	0.21961151808806803
38.76	0.1813486557336988
38.776666666666664	0.09308178087351007
38.79333333333334	-0.025189229529197305
38.81	-0.1534644987406706
38.82666666666667	-0.25174415024657565
38.843333333333334	-0.31002830774199724
38.86	-0.33831709512124364
38.876666666666665	-0.3066106364675257
38.89333333333333	-0.20490905604286314
38.91	-0.06321247827751629
38.92666666666667	0.10847897224009222
38.943333333333335	0.2801651707740987
38.96	0.45184599245157453
38.97666666666667	0.5835213122731118
38.99333333333333	0.6251910051233172
39.01	0.6068549457815585
39.026666666666664	0.518513008932613
39.04333333333334	0.33016506917749266
39.06	0.14181100104410005
39.07666666666667	-0.046549321001758834
39.093333333333334	-0.23491602254575267
39.11	-0.403289229213738
39.126666666666665	-0.5116690666610827
39.14333333333333	-0.5900556605615259
39.16	-0.6284491365961025
39.17666666666667	-0.6268496204420511
39.193333333333335	-0.5852572377617138
39.21	-0.533672114191247
39.22666666666667	-0.4620943753295994
39.24333333333333	-0.3505241467269792
39.26	-0.2289615538736962
39.276666666666664	-0.0974067221889584
39.29333333333334	0.03414022299081346
39.31	0.16567915642310965
39.32666666666667	0.287209952970903
39.343333333333334	0.3487324876141503
39.36	0.4002466354611913
39.376666666666665	0.4117522717603449
39.39333333333333	0.3232492719114959
39.41	0.2347375114777247
39.42666666666667	0.10621686619671743
39.443333333333335	-0.06231278800735629
39.46	-0.24085157501216195
39.47666666666667	-0.3593996184857028
39.49333333333333	-0.45795704187445335
39.51	-0.5265239683915389
39.526666666666664	-0.5551005210052069
39.54333333333334	-0.533686822426755
39.56	-0.5222829950989433
39.57666666666667	-0.48088916118407676
39.593333333333334	-0.3995054425521508
39.61	-0.30813196076895044
39.626666666666665	-0.19676883708430243
39.64333333333333	-0.05541619242004414
39.66	0.09592585264177345
39.67666666666667	0.2672571778709523
39.693333333333335	0.44857766340088484
39.71	0.5798871897407041
39.72666666666667	0.6811856377870307
39.74333333333333	0.7524728888361002
39.76	0.7237488245956157
39.776666666666664	0.6350133271968276
39.79333333333334	0.4662662792063987
39.81	0.2575075636385346
39.82666666666667	0.05873706396670611
39.843333333333334	-0.13004533586398553
39.86	-0.28883975142517504
39.876666666666665	-0.4276462977929888
39.89333333333333	-0.5164650895362163
39.91	-0.565296240704291
39.92666666666667	-0.584139864815201
39.943333333333335	-0.5529960748436624
39.96	-0.4818649832090808
39.97666666666667	-0.3807467017635869
39.99333333333333	-0.2696413417800277
40.01	-0.17854901394015427
40.026666666666664	-0.07746982832253166
40.04333333333334	0.0035961056092440324
40.06	0.09464867901861582
40.07666666666667	0.15568778370778577
40.093333333333334	0.20671331212981509
40.11	0.26772515740022296
40.126666666666665	0.3287232133091315
40.14333333333333	0.29970737433287087
40.16	0.2806775356459207
40.17666666666667	0.23163359313262574
40.193333333333335	0.1425754433990807
40.21	0.07350298378474499
40.22666666666667	0.044416112374294214
40.24333333333333	-0.02468527199083534
40.26	-0.053801269700578774
40.276666666666664	-0.08293198036470184
40.29333333333334	-0.12207750280119783
40.31	-0.16123793502465697
40.32666666666667	-0.14041337423471031
40.343333333333334	-0.12960391680451058
40.36	-0.08880965826922677
40.376666666666665	-0.0380306933145553
40.39333333333333	-0.017267115765407265
40.41	-0.016519018574369576
40.42666666666667	0.024213506189588258
40.443333333333335	0.054930367352335335
40.46	0.06563147464599896
40.47666666666667	0.12631673872013927
40.49333333333333	0.18698607115290547
40.51	0.19763938446223117
40.526666666666664	0.23827659211690982
40.54333333333334	0.2288976085476725
40.56	0.16950234915814327
40.57666666666667	0.07009073033590178
40.593333333333334	0.0006626694633244945
40.61	-0.1387819150715849
40.626666666666665	-0.2582431038642513
40.64333333333333	-0.3677209764829191
40.66	-0.45721561145784645
40.67666666666667	-0.5267270862707153
40.693333333333335	-0.5262554773439604
40.71	-0.4658008600303204
40.72666666666667	-0.36536330860227184
40.74333333333333	-0.1849428962416989
40.76	0.015460304970550898
40.776666666666664	0.22584622406494753
40.79333333333334	0.4162147911934496
40.81	0.566565937639757
40.82666666666667	0.6468995958294234
40.843333333333334	0.6572156993397932
40.86	0.6075141829101168
40.876666666666665	0.5477949824513495
40.89333333333333	0.4580580350560544
40.91	0.3383032790081108
40.92666666666667	0.2485306537924999
40.943333333333335	0.12874010010481438
40.96	0.01893155986091305
40.97666666666667	-0.0608950237936744
40.99333333333333	-0.12073970647433374
41.01	-0.17060254254799773
41.026666666666664	-0.1904835851239935
41.04333333333334	-0.2103828860447723
41.06	-0.2603004958769013
41.07666666666667	-0.3002364639020456
41.093333333333334	-0.35019083810802254
41.11	-0.4201636651799767
41.126666666666665	-0.47015499049163106
41.14333333333333	-0.4801648580966238
41.16	-0.460193310719913
41.17666666666667	-0.3902403897492863
41.193333333333335	-0.270306135226974
41.21	-0.13039058584131344
41.22666666666667	0.019506221081489056
41.24333333333333	0.19938424958543213
41.26	0.3392434650928365
41.276666666666664	0.4490838344122475
41.29333333333334	0.49890532574626545
41.31	0.48870790869937675
41.32666666666667	0.43849155428551856
41.343333333333334	0.3582562349357346
41.36	0.27800192450555716
41.376666666666665	0.20772859828242785
41.39333333333333	0.13743623299292038
41.41	0.09712480680993188
41.42666666666667	0.076794299359721
41.443333333333335	0.07644469172889097
41.46	0.07607596647119387
41.47666666666667	0.08568810761432355
41.49333333333333	0.09528110066650677
41.51	0.09485493262309777
41.526666666666664	0.10440959197293755
41.54333333333334	0.0839450687047045
41.56	0.053461354313097786
41.57666666666667	0.022958441804987406
41.593333333333334	-0.017563674294709536
41.61	-0.09810499793705743
41.626666666666665	-0.14866553154339396
41.64333333333333	-0.20924527599970277
41.66	-0.2798442306510188
41.67666666666667	-0.33046239329613575
41.693333333333335	-0.3410997601821869
41.71	-0.361756325999548
41.72666666666667	-0.3624320838767453
41.74333333333333	-0.3331270253755899
41.76	-0.26384114048622537
41.776666666666664	-0.1845744176225667
41.79333333333334	-0.055326843617641674
41.81	0.09390159628080962
41.82666666666667	0.2431109184147205
41.843333333333334	0.3823011407197957
41.86	0.47147228272976693
41.876666666666665	0.500624365580116
41.89333333333333	0.4897574120121133
41.91	0.41887144637640517
41.92666666666667	0.27796649463660594
41.943333333333335	0.12704258437272606
41.96	0.006099744784532013
41.97666666666667	-0.1448619933053249
41.99333333333333	-0.26584259744819716
42.01	-0.3068420335665761
42.026666666666664	-0.30786026595127325
42.04333333333334	-0.2588972572587742
42.06	-0.1399529685086687
42.07666666666667	0.008972640918667368
42.093333333333334	0.1478796132843593
42.11	0.2767679924931356
42.126666666666665	0.39563782409538495
42.14333333333333	0.4444891552888992
42.16	0.4333220349206558
42.17666666666667	0.38213651348837663
42.193333333333335	0.3009326431419314
42.21	0.1797104776846939
42.22666666666667	0.05847007257461795
42.24333333333333	-0.07278851507467496
42.26	-0.20406522649301923
42.276666666666664	-0.30536000125305984
42.29333333333334	-0.37667277726948734
42.31	-0.42800349079879385
42.32666666666667	-0.45935207643881404
42.343333333333334	-0.4207184671285735
42.36	-0.3821025941483421
42.376666666666665	-0.30350438711965017
42.39333333333333	-0.2149237740056287
42.41	-0.11636068111140294
42.42666666666667	-0.037815033084589514
42.443333333333335	0.040713247083908694
42.46	0.07922423805918498
42.47666666666667	0.11771802016120053
42.49333333333333	0.13619467536375396
42.51	0.1746542872931564
42.526666666666664	0.2030969412268196
42.54333333333334	0.24152272409163178
42.56	0.25993172446231455
42.57666666666667	0.2783240325594444
42.593333333333334	0.2666997402475516
42.61	0.23505894103286457
42.626666666666665	0.17340173006099077
42.64333333333333	0.11172820411450307
42.66	0.05003846161029543
42.67666666666667	-0.011667397403207547
42.693333333333335	-0.09338927124892289
42.71	-0.1651270566242392
42.72666666666667	-0.23688064860416475
42.74333333333333	-0.27864994064470794
42.76	-0.3204348245864749
42.776666666666664	-0.33223519065822504
42.79333333333334	-0.2840509274807442
42.81	-0.2358819220708427
42.82666666666667	-0.15772805984543678
42.843333333333334	-0.06958922462584885
42.86	0.028534701357780884
42.876666666666665	0.10664383746203833
42.89333333333333	0.17473830462513598
42.91	0.2128182253625343
42.92666666666667	0.25088372376154633
42.943333333333335	0.24893492547626697
42.96	0.24697195772230074
42.97666666666667	0.20499494927112963
42.99333333333333	0.17300403044464524
43.01	0.0909993331092707
43.026666666666664	0.03898099066997965
43.04333333333334	-0.03305086193567258
43.06	-0.10509608824399463
43.07666666666667	-0.16715455027125734
43.093333333333334	-0.2092261085204885
43.11	-0.24131062198812925
43.126666666666665	-0.2534079481707815
43.14333333333333	-0.2655179430722698
43.16	-0.24764046121083721
43.17666666666667	-0.25977535562632836
43.193333333333335	-0.25192247788776817
43.21	-0.264081678100891
43.22666666666667	-0.2662528049158468
43.24333333333333	-0.24843570553524436
43.26	-0.2106302257220638
43.276666666666664	-0.1728362098078853
43.29333333333334	-0.08505350070136422
43.31	0.0027180601035466
43.32666666666667	0.08047863251860483
43.343333333333334	0.16822837785275885
43.36	0.21596745880310136
43.376666666666665	0.23369603944573783
43.39333333333333	0.2214142852266074
43.41	0.1891223629521692
43.42666666666667	0.0968204407796475
43.443333333333335	0.014508688207627431
43.46	-0.08781272393401246
43.47666666666667	-0.12014362349378335
43.49333333333333	-0.2024838370090788
43.51	-0.20483318971605158
43.526666666666664	-0.10719150556025217
43.54333333333334	-0.04955860720708687
43.56	0.03806568394741623
43.57666666666667	0.08568154776593334
43.593333333333334	0.08328916535869628
43.61	0.1208887190724908
43.626666666666665	0.10848039247940591
43.64333333333333	0.04606437036531904
43.66	-0.016359161281505205
43.67666666666667	-0.028790015282119562
43.693333333333335	-0.13122800327885092
43.71	-0.1736729357469327
43.72666666666667	-0.146124622006988
43.74333333333333	-0.1985828702369706
43.76	-0.15104748748460364
43.776666666666664	-0.17351827967999645
43.79333333333334	-0.08599505164806379
43.81	-0.1384776071214998
43.82666666666667	-0.18096574875352348
43.843333333333334	-0.1834592781309951
43.86	-0.17595799578761634
43.876666666666665	-0.09846170121712458
43.89333333333333	-0.10097019288677479
43.91	0.016516731749024932
43.92666666666667	0.13399927623516578
43.943333333333335	0.27147764510193717
43.96	0.38895204385107524
43.97666666666667	0.48642267894176827
43.99333333333333	0.5638897577762961
44.01	0.5713534886859262
44.026666666666664	0.5588140809162632
44.04333333333334	0.45627174461282416
44.06	0.3737266908063056
44.07666666666667	0.23117913139766913
44.093333333333334	0.11862927914333848
44.11	0.016077347640165232
44.126666666666665	-0.04647644868993665
44.14333333333333	-0.05903189461510114
44.16	-0.06158877410903449
44.17666666666667	-0.05414687036642632
44.193333333333335	-0.006705965818657095
44.21	0.020734157850367585
44.22666666666667	0.048173719688533734
44.24333333333333	0.04561293945934511
44.26	0.013052037625983781
44.276666666666664	-0.03950876466498285
44.29333333333334	-0.12206924559987177
44.31	-0.19462918271430646
44.32666666666667	-0.25718835290979686
44.343333333333334	-0.29974653247029015
44.36	-0.3023034970789451
44.376666666666665	-0.2348590218349369
44.39333333333333	-0.14741288127051455
44.41	-0.049964849367892014
44.42666666666667	0.07748530042354967
44.443333333333335	0.19493779516993404
44.46	0.2823928624357278
44.47666666666667	0.33985073026607715
44.49333333333333	0.3673116271695605
44.51	0.3547757821002464
44.526666666666664	0.3122434244402179
44.54333333333334	0.2797147839816788
44.56	0.1971900909089606
44.57666666666667	0.15466957578069768
44.593333333333334	0.11215346951166916
44.61	0.06964200335455126
44.626666666666665	0.06713540888181996
44.64333333333333	0.09463391796733767
44.66	0.13213776276786865
44.67666666666667	0.16964717570470933
44.693333333333335	0.21716238944507602
44.71	0.2246836368832477
44.72666666666667	0.2022111511222554
44.74333333333333	0.14974516545458616
44.76	0.057285913343629286
44.776666666666664	-0.05516637159540502
44.79333333333334	-0.17761145561456773
44.81	-0.27004910485211703
44.82666666666667	-0.3724790853519271
44.843333333333334	-0.4249011630824677
44.86	-0.4273151039562826
44.876666666666665	-0.37972067384936703
44.89333333333333	-0.31211763862047304
44.91	-0.2245057641308121
44.92666666666667	-0.1068848162633265
44.943333333333335	-0.01925456094257441
44.96	0.06838523584565762
44.97666666666667	0.11603480803474939
44.99333333333333	0.13369438945727644
45.01	0.10136421382532662
45.026666666666664	0.05904451471056216
45.04333333333334	0.006735525524151076
45.06	-0.035562520503013645
45.07666666666667	-0.067849390340465
45.093333333333334	-0.09012485117831046
45.11	-0.06238867044721602
45.126666666666665	-0.014640615838614424
45.14333333333333	0.0531195446748951
45.16	0.16089204281968833
45.17666666666667	0.2686771100003888
45.193333333333335	0.3964749772798813
45.21	0.48428587535871276
45.22666666666667	0.5321100345549068
45.24333333333333	0.5499476847834094
45.26	0.497799055535625
45.276666666666664	0.39566437585904257
45.29333333333334	0.26354387433666654
45.31	0.10143777906639034
45.32666666666667	-0.0906536823592875
45.343333333333334	-0.25273028287418337
45.36	-0.4047917959587764
45.376666666666665	-0.5368379956609184
45.39333333333333	-0.5988686566164207
45.41	-0.6108835540697939
45.42666666666667	-0.572882463894779
45.443333333333335	-0.5148651626151358
45.46	-0.4368314274252173
45.47666666666667	-0.3387810362106941
45.49333333333333	-0.25071376756934594
45.51	-0.19262940083159386
45.526666666666664	-0.14452771608132273
45.54333333333334	-0.12640849417651917
45.56	-0.12827151676999232
45.57666666666667	-0.13011656633016744
45.593333333333334	-0.11194342616160605
45.61	-0.08375188042578957
45.626666666666665	-0.015541714161871223
45.64333333333333	0.0826872866928085
45.66	0.2209353352818894
45.67666666666667	0.3692026438094944
45.693333333333335	0.5074894235195164
45.71	0.6057958846749503
45.72666666666667	0.6541222365373953
45.74333333333333	0.6724686873464445
45.76	0.6308354442990642
45.776666666666664	0.5592227135291508
45.79333333333334	0.4376307000868864
45.81	0.28605960791841883
45.82666666666667	0.11450963984531343
45.843333333333334	-0.0570190024559179
45.86	-0.24852611847408348
45.876666666666665	-0.4000115088838154
45.89333333333333	-0.5314749755657537
45.91	-0.6129163216269018
45.92666666666667	-0.6443353514209587
45.943333333333335	-0.6457318705682755
45.96	-0.5771056859763355
45.97666666666667	-0.4784566058596248
45.99333333333333	-0.3097844397597934
46.01	-0.13108899856574105
46.026666666666664	0.04762990546653756
46.04333333333334	0.2063724586939652
46.06	0.315138846066467
46.07666666666667	0.34392925110727296
46.093333333333334	0.31274385589303993
46.11	0.20158284103426238
46.126666666666665	0.05044638565557935
46.14333333333333	-0.13066533262376656
46.16	-0.3017521377095294
46.17666666666667	-0.4428138550516904
46.193333333333335	-0.5338503116640972
46.21	-0.5748613361435406
46.22666666666667	-0.5358467586891597
46.24333333333333	-0.4368064111214511
46.26	-0.2877401269014308
46.276666666666664	-0.08864774114967872
46.29333333333334	0.12047090933484189
46.31	0.31961598605587993
46.32666666666667	0.4787876488010617
46.343333333333334	0.5779860556234111
46.36	0.5872113628225093
46.376666666666665	0.556463724926171
46.39333333333333	0.46574329467197434
46.41	0.3250502229888776
46.42666666666667	0.1643846589790906
46.443333333333335	0.033746749899871975
46.46	-0.10686335885453047
46.47666666666667	-0.23744552377075248
46.49333333333333	-0.33799960323418343
46.51	-0.4185254575467763
46.526666666666664	-0.46902294894455154
46.54333333333334	-0.4894919416152763
46.56	-0.4599323017157353
46.57666666666667	-0.43034389738915857
46.593333333333334	-0.330726598782429
46.61	-0.22108027806308508
46.626666666666665	-0.10140480943640451
46.64333333333333	0.038299930837826734
46.66	0.178034064428505
46.67666666666667	0.2877977109165722
46.693333333333335	0.3775909877785889
46.71	0.4074140103702507
46.72666666666667	0.38726689191019514
46.74333333333333	0.33714974346387017
46.76	0.23706267392744346
46.776666666666664	0.12700579001206047
46.79333333333334	0.016979196227997873
46.81	-0.07301700513097437
46.82666666666667	-0.1629827140029488
46.843333333333334	-0.20291783257336393
46.86	-0.2328222652900966
46.876666666666665	-0.22269591887861676
46.89333333333333	-0.19253870235687642
46.91	-0.152350527050078
46.92666666666667	-0.10213130660535558
46.943333333333335	-0.04188095700624078
46.96	0.008400603412948626
46.97666666666667	0.04871345395296206
46.99333333333333	0.09905767153553413
47.01	0.13943333068949293
47.026666666666664	0.16984050353697877
47.04333333333334	0.1802792597799341
47.06	0.180749666686579
47.07666666666667	0.17125178907819488
47.093333333333334	0.16178568931599374
47.11	0.1423514272881265
47.126666666666665	0.10294906039694351
47.14333333333333	0.07357864354634042
47.16	0.024240229129263657
47.17666666666667	-0.03506613298454375
47.193333333333335	-0.09434039546068868
47.21	-0.14358251351210166
47.22666666666667	-0.22279244491078912
47.24333333333333	-0.2619701499995112
47.26	-0.28111559170315825
47.276666666666664	-0.32022873554005304
47.29333333333334	-0.31930954963305974
47.31	-0.26835800472044685
47.32666666666667	-0.20737407416666473
47.343333333333334	-0.15635773397286332
47.36	-0.07530896278728066
47.376666666666665	0.015772258084553403
47.39333333333333	0.11688594466986463
47.41	0.21803211031878106
47.42666666666667	0.30921076569469447
47.443333333333335	0.37042191876488295
47.46	0.45166557479119124
47.47666666666667	0.5029417363210162
47.49333333333333	0.5042504031784303
47.51	0.4855915724555013
47.526666666666664	0.44696523850384207
47.54333333333334	0.3983713929263136
47.56	0.34981002456891985
47.57666666666667	0.26128111951300464
47.593333333333334	0.17278466106744295
47.61	0.09432062976129546
47.626666666666665	-0.01411099666357224
47.64333333333333	-0.13251024325952868
47.66	-0.2308771378800395
47.67666666666667	-0.299211711186362
47.693333333333335	-0.367513996653979
47.71	-0.3957840305788647
47.72666666666667	-0.4140218520835177
47.74333333333333	-0.4222275031228153
